   0.0000000000000000                      (2.00000000000000000000000000000000000,0.00000000000000000000000000000000000)
   4.0000000000000001E-002                 (2.98868131637573242187500000000000000,0.00000000000000000000000000000000000)
   8.0000000000000002E-002                 (3.42279458045959472656250000000000000,0.00000000000000000000000000000000000)
  0.12000000000000000                      (3.36164903640747070312500000000000000,0.00000000000000000000000000000000000)
  0.16000000000000000                      (2.95266747474670410156250000000000000,0.00000000000000000000000000000000000)
  0.20000000000000001                      (2.38196611404418945312500000000000000,0.00000000000000000000000000000000000)
  0.23999999999999999                      (1.81999671459197998046875000000000000,0.00000000000000000000000000000000000)
  0.28000000000000003                      (1.37651503086090087890625000000000000,0.00000000000000000000000000000000000)
  0.32000000000000001                      (1.07629299163818359375000000000000000,0.00000000000000000000000000000000000)
  0.35999999999999999                     (0.861305356025695800781250000000000000,0.00000000000000000000000000000000000)
  0.40000000000000002                     (0.618034005165100097656250000000000000,0.00000000000000000000000000000000000)
  0.44000000000000000                     (0.221869274973869323730468750000000000,0.00000000000000000000000000000000000)
  0.47999999999999998                    (-0.413974672555923461914062500000000000,0.00000000000000000000000000000000000)
  0.52000000000000002                     (-1.29890167713165283203125000000000000,0.00000000000000000000000000000000000)
  0.56000000000000005                     (-2.34628891944885253906250000000000000,0.00000000000000000000000000000000000)
  0.59999999999999998                     (-3.38196611404418945312500000000000000,0.00000000000000000000000000000000000)
  0.64000000000000001                     (-4.17898845672607421875000000000000000,0.00000000000000000000000000000000000)
  0.68000000000000005                     (-4.51091575622558593750000000000000000,0.00000000000000000000000000000000000)
  0.71999999999999997                     (-4.21069383621215820312500000000000000,0.00000000000000000000000000000000000)
  0.76000000000000001                     (-3.22029733657836914062500000000000000,0.00000000000000000000000000000000000)
  0.80000000000000004                     (-1.61803400516510009765625000000000000,0.00000000000000000000000000000000000)
  0.83999999999999997                     (0.384509384632110595703125000000000000,0.00000000000000000000000000000000000)
  0.88000000000000000                      (2.47672200202941894531250000000000000,0.00000000000000000000000000000000000)
  0.92000000000000004                      (4.30772161483764648437500000000000000,0.00000000000000000000000000000000000)
  0.95999999999999996                      (5.55683946609497070312500000000000000,0.00000000000000000000000000000000000)
   1.0000000000000000                      (6.00000000000000000000000000000000000,0.00000000000000000000000000000000000)
   1.0400000000000000                      (5.55683946609497070312500000000000000,0.00000000000000000000000000000000000)
   1.0800000000000001                      (4.30772161483764648437500000000000000,0.00000000000000000000000000000000000)
   1.1200000000000001                      (2.47672200202941894531250000000000000,0.00000000000000000000000000000000000)
   1.1599999999999999                     (0.384509384632110595703125000000000000,0.00000000000000000000000000000000000)
   1.2000000000000000                     (-1.61803400516510009765625000000000000,0.00000000000000000000000000000000000)
   1.2400000000000000                     (-3.22029733657836914062500000000000000,0.00000000000000000000000000000000000)
   1.2800000000000000                     (-4.21069383621215820312500000000000000,0.00000000000000000000000000000000000)
   1.3200000000000001                     (-4.51091575622558593750000000000000000,0.00000000000000000000000000000000000)
   1.3600000000000001                     (-4.17898845672607421875000000000000000,0.00000000000000000000000000000000000)
   1.4000000000000001                     (-3.38196611404418945312500000000000000,0.00000000000000000000000000000000000)
   1.4399999999999999                     (-2.34628891944885253906250000000000000,0.00000000000000000000000000000000000)
   1.4800000000000000                     (-1.29890167713165283203125000000000000,0.00000000000000000000000000000000000)
   1.5200000000000000                    (-0.413974672555923461914062500000000000,0.00000000000000000000000000000000000)
   1.5600000000000001                     (0.221869274973869323730468750000000000,0.00000000000000000000000000000000000)
   1.6000000000000001                     (0.618034005165100097656250000000000000,0.00000000000000000000000000000000000)
   1.6400000000000001                     (0.861305356025695800781250000000000000,0.00000000000000000000000000000000000)
   1.6799999999999999                      (1.07629299163818359375000000000000000,0.00000000000000000000000000000000000)
   1.7200000000000000                      (1.37651503086090087890625000000000000,0.00000000000000000000000000000000000)
   1.7600000000000000                      (1.81999671459197998046875000000000000,0.00000000000000000000000000000000000)
   1.8000000000000000                      (2.38196611404418945312500000000000000,0.00000000000000000000000000000000000)
   1.8400000000000001                      (2.95266747474670410156250000000000000,0.00000000000000000000000000000000000)
   1.8800000000000001                      (3.36164903640747070312500000000000000,0.00000000000000000000000000000000000)
   1.9199999999999999                      (3.42279458045959472656250000000000000,0.00000000000000000000000000000000000)
   1.9600000000000000                      (2.98868131637573242187500000000000000,0.00000000000000000000000000000000000)
