   0.0000000000000000                      (2.00000000000000000000000000000000000,0.00000000000000000000000000000000000)
   4.0000000000000001E-002                 (2.42793908262966873223831498762592673,0.00000000000000000000000000000000000)
   8.0000000000000002E-002                 (2.36402643672247725348256608413066715,0.00000000000000000000000000000000000)
  0.12000000000000000                      (1.98936083951532483027335729275364429,0.00000000000000000000000000000000000)
  0.16000000000000000                      (1.55934490659431568282400348834926262,0.00000000000000000000000000000000000)
  0.20000000000000001                      (1.32943968828916725399835740972775966,0.00000000000000000000000000000000000)
  0.23999999999999999                      (1.48136659745383769681836838572053239,0.00000000000000000000000000000000000)
  0.28000000000000003                      (2.06997297583530226461334677878767252,0.00000000000000000000000000000000000)
  0.32000000000000001                      (3.00533555855373180065726046450436115,0.00000000000000000000000000000000000)
  0.35999999999999999                      (4.07506411238492471937888694810681045,0.00000000000000000000000000000000000)
  0.40000000000000002                      (5.00080221058428442404419911326840520,0.00000000000000000000000000000000000)
  0.44000000000000000                      (5.51358847209882441120498697273433208,0.00000000000000000000000000000000000)
  0.47999999999999998                      (5.42758064087115066342903446638956666,0.00000000000000000000000000000000000)
  0.52000000000000002                      (4.69206204582320651752525009214878082,0.00000000000000000000000000000000000)
  0.56000000000000005                      (3.40753260782436928622018967871554196,0.00000000000000000000000000000000000)
  0.59999999999999998                      (1.80143453251069662890415656875120476,0.00000000000000000000000000000000000)
  0.64000000000000001                     (0.170024024915446991812473243044223636,0.00000000000000000000000000000000000)
  0.68000000000000005                     (-1.19790758901217220255830397945828736,0.00000000000000000000000000000000000)
  0.71999999999999997                     (-2.09483803164327042622971930541098118,0.00000000000000000000000000000000000)
  0.76000000000000001                     (-2.44590541087022605992729040735866874,0.00000000000000000000000000000000000)
  0.80000000000000004                     (-2.32405743850781698611740466731134802,0.00000000000000000000000000000000000)
  0.83999999999999997                     (-1.92499691535771400019427801453275606,0.00000000000000000000000000000000000)
  0.88000000000000000                     (-1.50890272714404427567558286682469770,0.00000000000000000000000000000000000)
  0.92000000000000004                     (-1.32494207374092964890621715312590823,0.00000000000000000000000000000000000)
  0.95999999999999996                     (-1.53926262092830201666515677061397582,0.00000000000000000000000000000000000)
   1.0000000000000000                     (-2.18619127943270230574057677586097270,0.00000000000000000000000000000000000)
   1.0400000000000000                     (-3.15603164770593691557110105350147933,0.00000000000000000000000000000000000)
   1.0800000000000001                     (-4.22286938647739251706525465124286711,0.00000000000000000000000000000000000)
   1.1200000000000001                     (-5.10488145563846273944363929331302643,0.00000000000000000000000000000000000)
   1.1599999999999999                     (-5.54077210998253288920523118576966226,0.00000000000000000000000000000000000)
   1.2000000000000000                     (-5.36154147752315601849204540485516191,0.00000000000000000000000000000000000)
   1.2400000000000000                     (-4.53803442103257026474238955415785313,0.00000000000000000000000000000000000)
   1.2800000000000000                     (-3.19128110536396247809420856356155127,0.00000000000000000000000000000000000)
   1.3200000000000001                     (-1.56274077918489218141928631666814908,0.00000000000000000000000000000000000)
   1.3600000000000001               (4.755122926372301606079417979344725609E-0002,0.00000000000000000000000000000000000)
   1.4000000000000001                      (1.35821900374199255878693293198011816,0.00000000000000000000000000000000000)
   1.4399999999999999                      (2.17828059055554934531073740799911320,0.00000000000000000000000000000000000)
   1.4800000000000000                      (2.45400832812420821582577445951756090,0.00000000000000000000000000000000000)
   1.5200000000000000                      (2.27831970767656155629765635239891708,0.00000000000000000000000000000000000)
   1.5600000000000001                      (1.86030450974752437076631395029835403,0.00000000000000000000000000000000000)
   1.6000000000000001                      (1.46334157221361982337271001597400755,0.00000000000000000000000000000000000)
   1.6400000000000001                      (1.32880060775974340181448951625498012,0.00000000000000000000000000000000000)
   1.6799999999999999                      (1.60623644947691079920559786842204630,0.00000000000000000000000000000000000)
   1.7200000000000000                      (2.30920065340294122790965047897771001,0.00000000000000000000000000000000000)
   1.7600000000000000                      (3.30880410454667961417385413369629532,0.00000000000000000000000000000000000)
   1.8000000000000000                      (4.36686745779534302158708669594489038,0.00000000000000000000000000000000000)
   1.8400000000000001                      (5.19969691034185821365554147632792592,0.00000000000000000000000000000000000)
   1.8800000000000001                      (5.55516080431546743767512452905066311,0.00000000000000000000000000000000000)
   1.9199999999999999                      (5.28209448141601267678879594313912094,0.00000000000000000000000000000000000)
   1.9600000000000000                      (4.37312036213156485331410294747911394,0.00000000000000000000000000000000000)
   2.0000000000000000                      (2.96917776222644302919206893420778215,0.00000000000000000000000000000000000)
   2.0400000000000000                      (1.32445178567973576022609449864830822,0.00000000000000000000000000000000000)
   2.0800000000000001                    (-0.258855436242797276591431909764651209,0.00000000000000000000000000000000000)
   2.1200000000000001                     (-1.50828084344952184636667880113236606,0.00000000000000000000000000000000000)
   2.1600000000000001                     (-2.25036090291934165463771932991221547,0.00000000000000000000000000000000000)
   2.2000000000000002                     (-2.45269796990507193967800958489533514,0.00000000000000000000000000000000000)
   2.2400000000000002                     (-2.22754281124484698750620736973360181,0.00000000000000000000000000000000000)
   2.2800000000000002                     (-1.79607989479392293752368914283579215,0.00000000000000000000000000000000000)
   2.3199999999999998                     (-1.42329477569740325826330717973178253,0.00000000000000000000000000000000000)
   2.3599999999999999                     (-1.34130202329823000617636807874077931,0.00000000000000000000000000000000000)
   2.3999999999999999                     (-1.68214086616533786688876261905534193,0.00000000000000000000000000000000000)
   2.4399999999999999                     (-2.43845295557646535300477808050345629,0.00000000000000000000000000000000000)
   2.4800000000000000                     (-3.46284848951906454317395400721579790,0.00000000000000000000000000000000000)
   2.5200000000000000                     (-4.50621460000363693865210734657011926,0.00000000000000000000000000000000000)
   2.5600000000000001                     (-5.28459595410973737017457096953876317,0.00000000000000000000000000000000000)
   2.6000000000000001                     (-5.55647408889774396811844781041145325,0.00000000000000000000000000000000000)
   2.6400000000000001                     (-5.18941366644966617371892425580881536,0.00000000000000000000000000000000000)
   2.6800000000000002                     (-4.19790937561035981673285277793183923,0.00000000000000000000000000000000000)
   2.7200000000000002                     (-2.74207762890987405413056876568589360,0.00000000000000000000000000000000000)
   2.7600000000000002                     (-1.08746772206186559373009004048071802,0.00000000000000000000000000000000000)
   2.8000000000000003                     (0.463174596586467979264511996007058769,0.00000000000000000000000000000000000)
   2.8399999999999999                      (1.64774491168607251090350018785102293,0.00000000000000000000000000000000000)
   2.8799999999999999                      (2.31117611561385905005749918927904218,0.00000000000000000000000000000000000)
   2.9199999999999999                      (2.44247509752960301199209425249136984,0.00000000000000000000000000000000000)
   2.9600000000000000                      (2.17247995551828543270289628708269447,0.00000000000000000000000000000000000)
   3.0000000000000000                      (1.73310971256537804663366841850802302,0.00000000000000000000000000000000000)
   3.0400000000000000                      (1.38935560334282004468775539862690493,0.00000000000000000000000000000000000)
   3.0800000000000001                      (1.36267371529911218708264186716405675,0.00000000000000000000000000000000000)
   3.1200000000000001                      (1.76676650383947975164744548237649724,0.00000000000000000000000000000000000)
   3.1600000000000001                      (2.57335233988735945231951518508139998,0.00000000000000000000000000000000000)
   3.2000000000000002                      (3.61734045731813136370647043804638088,0.00000000000000000000000000000000000)
   3.2400000000000002                      (4.64008077914938077412898564944043756,0.00000000000000000000000000000000000)
   3.2800000000000002                      (5.35896991471535422135730186710134149,0.00000000000000000000000000000000000)
   3.3200000000000003                      (5.54449411528684610317441183724440634,0.00000000000000000000000000000000000)
   3.3599999999999999                      (5.08373764445679832135738251963630319,0.00000000000000000000000000000000000)
   3.3999999999999999                      (4.01304028534131074223978430381976068,0.00000000000000000000000000000000000)
   3.4399999999999999                      (2.51085664820399090402247566089499742,0.00000000000000000000000000000000000)
   3.4800000000000000                     (0.852675766011366964569617721281247213,0.00000000000000000000000000000000000)
   3.5200000000000000                    (-0.659837883702706684552197202719980851,0.00000000000000000000000000000000000)
   3.5600000000000001                     (-1.77632451058332963000907511741388589,0.00000000000000000000000000000000000)
   3.6000000000000001                     (-2.36088642416153637881848226243164390,0.00000000000000000000000000000000000)
   3.6400000000000001                     (-2.42388794113737215951687176129780710,0.00000000000000000000000000000000000)
   3.6800000000000002                     (-2.11390341276859539121346642787102610,0.00000000000000000000000000000000000)
   3.7200000000000002                     (-1.67216623892417004526578239165246487,0.00000000000000000000000000000000000)
   3.7600000000000002                     (-1.36207365074256037118516360351350158,0.00000000000000000000000000000000000)
   3.8000000000000003                     (-1.39308226011280056333418997382977977,0.00000000000000000000000000000000000)
   3.8399999999999999                     (-1.85984289460136764660092012491077185,0.00000000000000000000000000000000000)
   3.8799999999999999                     (-2.71325855451922048899859873927198350,0.00000000000000000000000000000000000)
   3.9199999999999999                     (-3.77144040874716379718734060588758439,0.00000000000000000000000000000000000)
   3.9600000000000000                     (-4.76765439418255709824734367430210114,0.00000000000000000000000000000000000)
   4.0000000000000000                     (-5.42225760659833966315090947318822145,0.00000000000000000000000000000000000)
   4.0400000000000000                     (-5.51906702352565048386168200522661209,0.00000000000000000000000000000000000)
   4.0800000000000001                     (-4.96536845129269899246082786703482270,0.00000000000000000000000000000000000)
   4.1200000000000001                     (-3.81919782802471452498593862401321530,0.00000000000000000000000000000000000)
   4.1600000000000001                     (-2.27640693975290675510336768638808280,0.00000000000000000000000000000000000)
   4.2000000000000002                    (-0.620945351922889021700768807932035998,0.00000000000000000000000000000000000)
   4.2400000000000002                     (0.848221145986646329895108920027269050,0.00000000000000000000000000000000000)
   4.2800000000000002                      (1.89379575046433967777659290732117370,0.00000000000000000000000000000000000)
   4.3200000000000003                      (2.39971384303068369092670764075592160,0.00000000000000000000000000000000000)
   4.3600000000000003                      (2.39752877499023586693738252506591380,0.00000000000000000000000000000000000)
   4.4000000000000004                      (2.05259984291452779459064004186075181,0.00000000000000000000000000000000000)
   4.4400000000000004                      (1.61400273356361534382585887215100229,0.00000000000000000000000000000000000)
   4.4800000000000004                      (1.34195149512930944624145013222005218,0.00000000000000000000000000000000000)
   4.5200000000000005                      (1.43263228707364786984612692322116345,0.00000000000000000000000000000000000)
   4.5600000000000005                      (1.96103987376024879729641270387219265,0.00000000000000000000000000000000000)
   4.6000000000000005                      (2.85749050015107819433524127816781402,0.00000000000000000000000000000000000)
   4.6399999999999997                      (3.92429823727714577330516476649791002,0.00000000000000000000000000000000000)
   4.6799999999999997                      (4.88814692076678980470205715391784906,0.00000000000000000000000000000000000)
   4.7199999999999998                      (5.47394860712800124247223720885813236,0.00000000000000000000000000000000000)
   4.7599999999999998                      (5.48010395657162696636532928096130490,0.00000000000000000000000000000000000)
   4.7999999999999998                      (4.83467001912065263979911833303049207,0.00000000000000000000000000000000000)
   4.8399999999999999                      (3.61710899341498137715689153992570937,0.00000000000000000000000000000000000)
   4.8799999999999999                      (2.03963199727074639966417635150719434,0.00000000000000000000000000000000000)
   4.9199999999999999                     (0.393123524166502535948097829532343894,0.00000000000000000000000000000000000)
   4.9600000000000000                     (-1.02775014174643231079642191616585478,0.00000000000000000000000000000000000)
   5.0000000000000000                     (-1.99999850196290807069487982516875491,0.00000000000000000000000000000000000)
   5.0400000000000000                     (-2.42794062548354583341847501287702471,0.00000000000000000000000000000000000)
   5.0800000000000001                     (-2.36403024470700762194041999464388937,0.00000000000000000000000000000000000)
   5.1200000000000001                     (-1.98936553697307516586079145781695843,0.00000000000000000000000000000000000)
   5.1600000000000001                     (-1.55934890283487859186095647601177916,0.00000000000000000000000000000000000)
   5.2000000000000002                     (-1.32944162014055655696154190081870183,0.00000000000000000000000000000000000)
   5.2400000000000002                     (-1.48136570876163364829380952869541943,0.00000000000000000000000000000000000)
   5.2800000000000002                     (-2.06996933036502550606883232831023633,0.00000000000000000000000000000000000)
   5.3200000000000003                     (-3.00533002813488137050512705172877759,0.00000000000000000000000000000000000)
   5.3600000000000003                     (-4.07505814335360128097818233072757721,0.00000000000000000000000000000000000)
   5.4000000000000004                     (-5.00079743197299109169762232340872288,0.00000000000000000000000000000000000)
   5.4400000000000004                     (-5.51358625214994813035218612640164793,0.00000000000000000000000000000000000)
   5.4800000000000004                     (-5.42758171257466504044941757456399500,0.00000000000000000000000000000000000)
   5.5200000000000005                     (-4.69206630345415209859538663295097649,0.00000000000000000000000000000000000)
   5.5600000000000005                     (-3.40753912997597607770217109646182507,0.00000000000000000000000000000000000)
   5.6000000000000005                     (-1.80144182553165399518491085473215207,0.00000000000000000000000000000000000)
   5.6399999999999997                    (-0.170030420725545861060368224570993334,0.00000000000000000000000000000000000)
   5.6799999999999997                      (1.19790348872699570215161202213494107,0.00000000000000000000000000000000000)
   5.7199999999999998                      (2.09483698544338814429011108586564660,0.00000000000000000000000000000000000)
   5.7599999999999998                      (2.44590734214943106294981589599046856,0.00000000000000000000000000000000000)
   5.7999999999999998                      (2.32406146749678121921078854938969016,0.00000000000000000000000000000000000)
   5.8399999999999999                      (1.92500160948951548611773887387244031,0.00000000000000000000000000000000000)
   5.8799999999999999                      (1.50890650130659453864723218430299312,0.00000000000000000000000000000000000)
   5.9199999999999999                      (1.32494363116580804451416497613536194,0.00000000000000000000000000000000000)
   5.9600000000000000                      (1.53926131443391223108108079031808302,0.00000000000000000000000000000000000)
   6.0000000000000000                      (2.18618729445100656860745402809698135,0.00000000000000000000000000000000000)
   6.0400000000000000                      (3.15602595706889799132000007375609130,0.00000000000000000000000000000000000)
   6.0800000000000001                      (4.22286348910578901438839238835498691,0.00000000000000000000000000000000000)
   6.1200000000000001                      (5.10487697014338248635567651945166290,0.00000000000000000000000000000000000)
   6.1600000000000001                      (5.54077033373480176692282839212566614,0.00000000000000000000000000000000000)
   6.2000000000000002                      (5.36154303120406439120415598154067993,0.00000000000000000000000000000000000)
   6.2400000000000002                      (4.53803907547584195469880796736106277,0.00000000000000000000000000000000000)
   6.2800000000000002                      (3.19128783794513637417367135640233755,0.00000000000000000000000000000000000)
   6.3200000000000003                      (1.56274804459621741159480734495446086,0.00000000000000000000000000000000000)
   6.3600000000000003              (-4.754508731264039944619526067981496453E-0002,0.00000000000000000000000000000000000)
   6.4000000000000004                     (-1.35821531166960030034829287615139037,0.00000000000000000000000000000000000)
   6.4400000000000004                     (-2.17827999457412690986757297650910914,0.00000000000000000000000000000000000)
   6.4800000000000004                     (-2.45401062944154757516912468418013304,0.00000000000000000000000000000000000)
   6.5200000000000005                     (-2.27832392774215941599891266378108412,0.00000000000000000000000000000000000)
   6.5600000000000005                     (-1.86030916744223229208898828801466152,0.00000000000000000000000000000000000)
   6.6000000000000005                     (-1.46334509720918171105097371764713898,0.00000000000000000000000000000000000)
   6.6400000000000006                     (-1.32880177723400239031548153434414417,0.00000000000000000000000000000000000)
   6.6799999999999997                     (-1.60623472904274122718959461053600535,0.00000000000000000000000000000000000)
   6.7199999999999998                     (-2.30919634921507910263471785583533347,0.00000000000000000000000000000000000)
   6.7599999999999998                     (-3.30879828498389549906733009265735745,0.00000000000000000000000000000000000)
   6.7999999999999998                     (-4.36686166587825042029180622193962336,0.00000000000000000000000000000000000)
   6.8399999999999999                     (-5.19969274505420653298415345489047468,0.00000000000000000000000000000000000)
   6.8799999999999999                     (-5.55515948473508647253993331105448306,0.00000000000000000000000000000000000)
   6.9199999999999999                     (-5.28209651230004784139282492105849087,0.00000000000000000000000000000000000)
   6.9600000000000000                     (-4.37312539204943817594539723359048367,0.00000000000000000000000000000000000)
   7.0000000000000000                     (-2.96918467298897814643510173482354730,0.00000000000000000000000000000000000)
   7.0400000000000000                     (-1.32445898891783087059081935876747593,0.00000000000000000000000000000000000)
   7.0800000000000001                     (0.258849575825773836612597733619622886,0.00000000000000000000000000000000000)
   7.1200000000000001                      (1.50827757306255860747512542729964480,0.00000000000000000000000000000000000)
   7.1600000000000001                      (2.25036075298654836274181434419006109,0.00000000000000000000000000000000000)
   7.2000000000000002                      (2.45270062081107775853183738945517689,0.00000000000000000000000000000000000)
   7.2400000000000002                      (2.22754719144579294010100056766532362,0.00000000000000000000000000000000000)
   7.2800000000000002                      (1.79608448324928793304877672198927030,0.00000000000000000000000000000000000)
   7.3200000000000003                      (1.42329802598125199075695945793995634,0.00000000000000000000000000000000000)
   7.3600000000000003                      (1.34130279365310545180989265645621344,0.00000000000000000000000000000000000)
   7.4000000000000004                      (1.68213873817476566863149400887778029,0.00000000000000000000000000000000000)
   7.4400000000000004                      (2.43844835448301289204664499266073108,0.00000000000000000000000000000000000)
   7.4800000000000004                      (3.46284257324427624524787461268715560,0.00000000000000000000000000000000000)
   7.5200000000000005                      (4.50620894692658868763146529090590775,0.00000000000000000000000000000000000)
   7.5600000000000005                      (5.28459213448654274714044731808826327,0.00000000000000000000000000000000000)
   7.6000000000000005                      (5.55647323653107427787745109526440501,0.00000000000000000000000000000000000)
   7.6400000000000006                      (5.18941616721028786685110389953479171,0.00000000000000000000000000000000000)
   7.6799999999999997                      (4.19791475767020383358385515748523176,0.00000000000000000000000000000000000)
   7.7199999999999998                      (2.74208468470672039885016602056566626,0.00000000000000000000000000000000000)
   7.7599999999999998                      (1.08747482900173908504370956507045776,0.00000000000000000000000000000000000)
   7.7999999999999998                    (-0.463169043724661944061438134667696431,0.00000000000000000000000000000000000)
   7.8399999999999999                     (-1.64774207403971839625000939122401178,0.00000000000000000000000000000000000)
   7.8799999999999999                     (-2.31117640503732557633043143141549081,0.00000000000000000000000000000000000)
   7.9199999999999999                     (-2.44247807563333552138828963506966829,0.00000000000000000000000000000000000)
   7.9600000000000000                     (-2.17248446408002227059341748827137053,0.00000000000000000000000000000000000)
