   0.0000000000000000                      (2.00000000000000000000000000000000000,0.00000000000000000000000000000000000)
   4.0000000000000001E-002                 (2.98868133758751675088660704204812646,0.00000000000000000000000000000000000)
   8.0000000000000002E-002                 (3.42279459912788563968888411181978881,0.00000000000000000000000000000000000)
  0.12000000000000000                      (3.36164901655841674710245570167899132,0.00000000000000000000000000000000000)
  0.16000000000000000                      (2.95266748205046880570989742409437895,0.00000000000000000000000000000000000)
  0.20000000000000001                      (2.38196601125010509747426112880930305,0.00000000000000000000000000000000000)
  0.23999999999999999                      (1.81999666255165903905322011269163340,0.00000000000000000000000000000000000)
  0.28000000000000003                      (1.37651500572328733262850164464907721,0.00000000000000000000000000000000000)
  0.32000000000000001                      (1.07629302967251394562708810553885996,0.00000000000000000000000000000000000)
  0.35999999999999999                     (0.861305348328340825148075055039953440,0.00000000000000000000000000000000000)
  0.40000000000000002                     (0.618033988749894902525738871190696955,0.00000000000000000000000000000000000)
  0.44000000000000000                     (0.221869277343033299843000349937938154,0.00000000000000000000000000000000000)
  0.47999999999999998                    (-0.413974686912630174262517357419710606,0.00000000000000000000000000000000000)
  0.52000000000000002                     (-1.29890165524252720885556300345342606,0.00000000000000000000000000000000000)
  0.56000000000000005                     (-2.34628881033779190801169534097425640,0.00000000000000000000000000000000000)
  0.59999999999999998                     (-3.38196601125010465338505127874668688,0.00000000000000000000000000000000000)
  0.64000000000000001                     (-4.17898869435206421485418104566633701,0.00000000000000000000000000000000000)
  0.68000000000000005                     (-4.51091595699717107237347590853460133,0.00000000000000000000000000000000000)
  0.71999999999999997                     (-4.21069398094639613105982789420522749,0.00000000000000000000000000000000000)
  0.76000000000000001                     (-3.22029738012874666708285076310858130,0.00000000000000000000000000000000000)
  0.80000000000000004                     (-1.61803398874989623479336842137854546,0.00000000000000000000000000000000000)
  0.83999999999999997                     (0.384509394369640711275337707775179297,0.00000000000000000000000000000000000)
  0.88000000000000000                      (2.47672204822851682592954603023827076,0.00000000000000000000000000000000000)
  0.92000000000000004                      (4.30772156745778200814811498275958002,0.00000000000000000000000000000000000)
  0.95999999999999996                      (5.55683942526833973829525348264724016,0.00000000000000000000000000000000000)
   1.0000000000000000                      (6.00000000000000000000000000000000000,0.00000000000000000000000000000000000)
   1.0400000000000000                      (5.55683942526834151465209288289770484,0.00000000000000000000000000000000000)
   1.0800000000000001                      (4.30772156745778289632653468288481236,0.00000000000000000000000000000000000)
   1.1200000000000001                      (2.47672204822851682592954603023827076,0.00000000000000000000000000000000000)
   1.1599999999999999                     (0.384509394369648149769602696324000135,0.00000000000000000000000000000000000)
   1.2000000000000000                     (-1.61803398874989268207968962087761611,0.00000000000000000000000000000000000)
   1.2400000000000000                     (-3.22029738012874400254759166273288429,0.00000000000000000000000000000000000)
   1.2800000000000000                     (-4.21069398094639346652456879382953048,0.00000000000000000000000000000000000)
   1.3200000000000001                     (-4.51091595699716574330295770778320730,0.00000000000000000000000000000000000)
   1.3600000000000001                     (-4.17898869435205888578366284491494298,0.00000000000000000000000000000000000)
   1.4000000000000001                     (-3.38196601125010642974189067899715155,0.00000000000000000000000000000000000)
   1.4399999999999999                     (-2.34628881033779190801169534097425640,0.00000000000000000000000000000000000)
   1.4800000000000000                     (-1.29890165524252809703398270357865840,0.00000000000000000000000000000000000)
   1.5200000000000000                    (-0.413974686912630618351727207482326776,0.00000000000000000000000000000000000)
   1.5600000000000001                     (0.221869277343033521887605274969246238,0.00000000000000000000000000000000000)
   1.6000000000000001                     (0.618033988749894347414226558612426743,0.00000000000000000000000000000000000)
   1.6400000000000001                     (0.861305348328345377062476018181769177,0.00000000000000000000000000000000000)
   1.6799999999999999                      (1.07629302967251594402853243082063273,0.00000000000000000000000000000000000)
   1.7200000000000000                      (1.37651500572328733262850164464907721,0.00000000000000000000000000000000000)
   1.7600000000000000                      (1.81999666255165770678559056250378489,0.00000000000000000000000000000000000)
   1.8000000000000000                      (2.38196601125010420929584142868407071,0.00000000000000000000000000000000000)
   1.8400000000000001                      (2.95266748205046924979910727415699512,0.00000000000000000000000000000000000)
   1.8800000000000001                      (3.36164901655841452665640645136591047,0.00000000000000000000000000000000000)
   1.9199999999999999                      (3.42279459912788386333204471156932414,0.00000000000000000000000000000000000)
   1.9600000000000000                      (2.98868133758751763906502674217335880,0.00000000000000000000000000000000000)
   2.0000000000000000                      (2.00000000000000266453525910037569702,0.00000000000000000000000000000000000)
   2.0400000000000000                     (0.516545382587933366025367831753101200,0.00000000000000000000000000000000000)
   2.0800000000000001                     (-1.27948741921189768078193083056248724,0.00000000000000000000000000000000000)
   2.1200000000000001                     (-3.11048693844116774798180813377257437,0.00000000000000000000000000000000000)
   2.1600000000000001                     (-4.65578464831076210828086914261803031,0.00000000000000000000000000000000000)
   2.2000000000000002                     (-5.61803398874989756706099797156639397,0.00000000000000000000000000000000000)
   2.2400000000000002                     (-5.78845546780957143084833660395815969,0.00000000000000000000000000000000000)
   2.2800000000000002                     (-5.09562094927628983498379966476932168,0.00000000000000000000000000000000000)
   2.3199999999999998                     (-3.62598898866727825662792383809573948,0.00000000000000000000000000000000000)
   2.3599999999999999                     (-1.61083060667125210763117593160131946,0.00000000000000000000000000000000000)
   2.3999999999999999                     (0.618033988749889684477523132954956964,0.00000000000000000000000000000000000)
   2.4399999999999999                      (2.69400523234260269589412928326055408,0.00000000000000000000000000000000000)
   2.4800000000000000                      (4.28830733142715203598527295980602503,0.00000000000000000000000000000000000)
   2.5200000000000000                      (5.17323429975705550987186143174767494,0.00000000000000000000000000000000000)
   2.5600000000000001                      (5.26216332002343456508697272511199117,0.00000000000000000000000000000000000)
   2.6000000000000001                      (4.61803398874989756706099797156639397,0.00000000000000000000000000000000000)
   2.6400000000000001                      (3.42946343600916048188764762016944587,0.00000000000000000000000000000000000)
   2.6800000000000002                      (1.96121999800240809364026972616557032,0.00000000000000000000000000000000000)
   2.7200000000000002                     (0.491588037393389187812431373458821326,0.00000000000000000000000000000000000)
   2.7600000000000002                    (-0.748161425129169055381339603627566248,0.00000000000000000000000000000000000)
   2.8000000000000003                     (-1.61803398874990733702361467294394970,0.00000000000000000000000000000000000)
   2.8399999999999999                     (-2.08762656062993245953407495107967407,0.00000000000000000000000000000000000)
   2.8799999999999999                     (-2.22555997011126294182759011164307594,0.00000000000000000000000000000000000)
   2.9199999999999999                     (-2.16441438754179493741958140162751079,0.00000000000000000000000000000000000)
   2.9600000000000000                     (-2.05161270509288495844657518318854272,0.00000000000000000000000000000000000)
   3.0000000000000000                     (-2.00000000000000000000000000000000000,0.00000000000000000000000000000000000)
   3.0400000000000000                     (-2.05161270509288407026815548306331038,0.00000000000000000000000000000000000)
   3.0800000000000001                     (-2.16441438754179404924116170150227845,0.00000000000000000000000000000000000)
   3.1200000000000001                     (-2.22555997011126294182759011164307594,0.00000000000000000000000000000000000)
   3.1600000000000001                     (-2.08762656062993423589091435133013874,0.00000000000000000000000000000000000)
   3.2000000000000002                     (-1.61803398874989690092718319647246972,0.00000000000000000000000000000000000)
   3.2400000000000002                    (-0.748161425129163726310821402876172215,0.00000000000000000000000000000000000)
   3.2800000000000002                     (0.491588037393397625507418524648528546,0.00000000000000000000000000000000000)
   3.3200000000000003                      (1.96121999800241830769209627760574222,0.00000000000000000000000000000000000)
   3.3599999999999999                      (3.42946343600915248828187031904235482,0.00000000000000000000000000000000000)
   3.3999999999999999                      (4.61803398874989134981206007068976760,0.00000000000000000000000000000000000)
   3.4399999999999999                      (5.26216332002343278873013332486152649,0.00000000000000000000000000000000000)
   3.4800000000000000                      (5.17323429975705906258554023224860430,0.00000000000000000000000000000000000)
   3.5200000000000000                      (4.28830733142716002959105026093311608,0.00000000000000000000000000000000000)
   3.5600000000000001                      (2.69400523234260891314306718413718045,0.00000000000000000000000000000000000)
   3.6000000000000001                     (0.618033988749902674086911247286479920,0.00000000000000000000000000000000000)
   3.6400000000000001                     (-1.61083060667124633447144788078730926,0.00000000000000000000000000000000000)
   3.6800000000000002                     (-3.62598898866726759848688743659295142,0.00000000000000000000000000000000000)
   3.7200000000000002                     (-5.09562094927629694041115726577118039,0.00000000000000000000000000000000000)
   3.7600000000000002                     (-5.78845546780957231902675630408339202,0.00000000000000000000000000000000000)
   3.8000000000000003                     (-5.61803398874989667888257827144116163,0.00000000000000000000000000000000000)
   3.8399999999999999                     (-4.65578464831077010188664644374512136,0.00000000000000000000000000000000000)
   3.8799999999999999                     (-3.11048693844117085660627708421088755,0.00000000000000000000000000000000000)
   3.9199999999999999                     (-1.27948741921190900505678200715919957,0.00000000000000000000000000000000000)
   3.9600000000000000                     (0.516545382587926926731825005845166743,0.00000000000000000000000000000000000)
   4.0000000000000000                      (1.99999999999999511501869164931122214,0.00000000000000000000000000000000000)
   4.0400000000000000                      (2.98868133758752385631396464304998517,0.00000000000000000000000000000000000)
   4.0800000000000001                      (3.42279459912789452147308111307211220,0.00000000000000000000000000000000000)
   4.1200000000000001                      (3.36164901655841630301324585161637515,0.00000000000000000000000000000000000)
   4.1600000000000001                      (2.95266748205046614117463832371868193,0.00000000000000000000000000000000000)
   4.2000000000000002                      (2.38196601125010776200952022918500006,0.00000000000000000000000000000000000)
   4.2400000000000002                      (1.81999666255165526429493638715939596,0.00000000000000000000000000000000000)
   4.2800000000000002                      (1.37651500572327667448746524314628914,0.00000000000000000000000000000000000)
   4.3200000000000003                      (1.07629302967252304945589003182249144,0.00000000000000000000000000000000000)
   4.3600000000000003                     (0.861305348328340159014260279946029186,0.00000000000000000000000000000000000)
   4.4000000000000004                     (0.618033988749895457637251183768967167,0.00000000000000000000000000000000000)
   4.4400000000000004                     (0.221869277343021087389729473215993494,0.00000000000000000000000000000000000)
   4.4800000000000004                    (-0.413974686912622624745949906355235726,0.00000000000000000000000000000000000)
   4.5200000000000005                     (-1.29890165524253009543542702886043116,0.00000000000000000000000000000000000)
   4.5600000000000005                     (-2.34628881033779457254695444134995341,0.00000000000000000000000000000000000)
   4.6000000000000005                     (-3.38196601125011442334766798012424260,0.00000000000000000000000000000000000)
   4.6399999999999997                     (-4.17898869435205533306998404441401362,0.00000000000000000000000000000000000)
   4.6799999999999997                     (-4.51091595699717284873031530878506601,0.00000000000000000000000000000000000)
   4.7199999999999998                     (-4.21069398094640856555770369595848024,0.00000000000000000000000000000000000)
   4.7599999999999998                     (-3.22029738012875910158072656486183405,0.00000000000000000000000000000000000)
   4.7999999999999998                     (-1.61803398874990334022072602238040417,0.00000000000000000000000000000000000)
   4.8399999999999999                     (0.384509394369636159360936744633363560,0.00000000000000000000000000000000000)
   4.8799999999999999                      (2.47672204822850083871799142798408866,0.00000000000000000000000000000000000)
   4.9199999999999999                      (4.30772156745776868547181948088109493,0.00000000000000000000000000000000000)
   4.9600000000000000                      (5.55683942526833973829525348264724016,0.00000000000000000000000000000000000)
   5.0000000000000000                      (6.00000000000000000000000000000000000,0.00000000000000000000000000000000000)
   5.0400000000000000                      (5.55683942526834417918735198327340186,0.00000000000000000000000000000000000)
   5.0800000000000001                      (4.30772156745779266628915138426236808,0.00000000000000000000000000000000000)
   5.1200000000000001                      (2.47672204822851771410796573036350310,0.00000000000000000000000000000000000)
   5.1600000000000001                     (0.384509394369643042743689420603914186,0.00000000000000000000000000000000000)
   5.2000000000000002                     (-1.61803398874989956546244229684816673,0.00000000000000000000000000000000000)
   5.2400000000000002                     (-3.22029738012873112396050601091701537,0.00000000000000000000000000000000000)
   5.2800000000000002                     (-4.21069398094638547291879149270243943,0.00000000000000000000000000000000000)
   5.3200000000000003                     (-4.51091595699716485512453800765797496,0.00000000000000000000000000000000000)
   5.3600000000000003                     (-4.17898869435206599121102044591680169,0.00000000000000000000000000000000000)
   5.4000000000000004                     (-3.38196601125011042654477932956069708,0.00000000000000000000000000000000000)
   5.4400000000000004                     (-2.34628881033778124987065893947146833,0.00000000000000000000000000000000000)
   5.4800000000000004                     (-1.29890165524252432227569897804642096,0.00000000000000000000000000000000000)
   5.5200000000000005                    (-0.413974686912625511325813931762240827,0.00000000000000000000000000000000000)
   5.5600000000000005                     (0.221869277343047066608505701879039407,0.00000000000000000000000000000000000)
   5.6000000000000005                     (0.618033988749921658900632337463321164,0.00000000000000000000000000000000000)
   5.6399999999999997                     (0.861305348328324615891915527754463255,0.00000000000000000000000000000000000)
   5.6799999999999997                      (1.07629302967250883860117482981877401,0.00000000000000000000000000000000000)
   5.7199999999999998                      (1.37651500572328688853929179458646104,0.00000000000000000000000000000000000)
   5.7599999999999998                      (1.81999666255165615247335608728462830,0.00000000000000000000000000000000000)
   5.7999999999999998                      (2.38196601125010154476058232830837369,0.00000000000000000000000000000000000)
   5.8399999999999999                      (2.95266748205046525299621862359344959,0.00000000000000000000000000000000000)
   5.8799999999999999                      (3.36164901655840786531825870042666793,0.00000000000000000000000000000000000)
   5.9199999999999999                      (3.42279459912789629782992051332257688,0.00000000000000000000000000000000000)
   5.9600000000000000                      (2.98868133758751675088660704204812646,0.00000000000000000000000000000000000)
   6.0000000000000000                      (2.00000000000002176037128265306819230,0.00000000000000000000000000000000000)
   6.0400000000000000                     (0.516545382587956902753489885071758181,0.00000000000000000000000000000000000)
   6.0800000000000001                     (-1.27948741921187836290130235283868387,0.00000000000000000000000000000000000)
   6.1200000000000001                     (-3.11048693844116819207101798383519053,0.00000000000000000000000000000000000)
   6.1600000000000001                     (-4.65578464831076122010244944249279797,0.00000000000000000000000000000000000)
   6.2000000000000002                     (-5.61803398874989134981206007068976760,0.00000000000000000000000000000000000)
   6.2400000000000002                     (-5.78845546780957143084833660395815969,0.00000000000000000000000000000000000)
   6.2800000000000002                     (-5.09562094927628894680537996464408934,0.00000000000000000000000000000000000)
   6.3200000000000003                     (-3.62598898866726271350557908590417355,0.00000000000000000000000000000000000)
   6.3600000000000003                     (-1.61083060667122679454621447803219780,0.00000000000000000000000000000000000)
   6.4000000000000004                     (0.618033988749881024737931056733941659,0.00000000000000000000000000000000000)
   6.4400000000000004                      (2.69400523234262312399778238614089787,0.00000000000000000000000000000000000)
   6.4800000000000004                      (4.28830733142716269412630936130881310,0.00000000000000000000000000000000000)
   6.5200000000000005                      (5.17323429975705817440712053212337196,0.00000000000000000000000000000000000)
   6.5600000000000005                      (5.26216332002344433504958942648954690,0.00000000000000000000000000000000000)
   6.6000000000000005                      (4.61803398874990111977467677206732333,0.00000000000000000000000000000000000)
   6.6400000000000006                      (3.42946343600914715921135211829096079,0.00000000000000000000000000000000000)
   6.6799999999999997                      (1.96121999800243296263602132967207581,0.00000000000000000000000000000000000)
   6.7199999999999998                     (0.491588037393405175023985975713003427,0.00000000000000000000000000000000000)
   6.7599999999999998                    (-0.748161425129164836533846028032712638,0.00000000000000000000000000000000000)
   6.7999999999999998                     (-1.61803398874987602873432024352950975,0.00000000000000000000000000000000000)
   6.8399999999999999                     (-2.08762656062993157135565525095444173,0.00000000000000000000000000000000000)
   6.8799999999999999                     (-2.22555997011127715268230531364679337,0.00000000000000000000000000000000000)
   6.9199999999999999                     (-2.16441438754179182879511245118919760,0.00000000000000000000000000000000000)
   6.9600000000000000                     (-2.05161270509288051755447668256238103,0.00000000000000000000000000000000000)
   7.0000000000000000                     (-2.00000000000000000000000000000000000,0.00000000000000000000000000000000000)
   7.0400000000000000                     (-2.05161270509288362617894563300069422,0.00000000000000000000000000000000000)
   7.0800000000000001                     (-2.16441438754178205883249574981164187,0.00000000000000000000000000000000000)
   7.1200000000000001                     (-2.22555997011126560636284921201877296,0.00000000000000000000000000000000000)
   7.1600000000000001                     (-2.08762656062994889083483940339647233,0.00000000000000000000000000000000000)
   7.2000000000000002                     (-1.61803398874989956546244229684816673,0.00000000000000000000000000000000000)
   7.2400000000000002                    (-0.748161425129165946756870653189253062,0.00000000000000000000000000000000000)
   7.2800000000000002                     (0.491588037393397847552023449679836631,0.00000000000000000000000000000000000)
   7.3200000000000003                      (1.96121999800242075018275045295013115,0.00000000000000000000000000000000000)
   7.3600000000000003                      (3.42946343600916048188764762016944587,0.00000000000000000000000000000000000)
   7.4000000000000004                      (4.61803398874988779709838127018883824,0.00000000000000000000000000000000000)
   7.4400000000000004                      (5.26216332002344611140642882674001157,0.00000000000000000000000000000000000)
   7.4800000000000004                      (5.17323429975704751626608413062058389,0.00000000000000000000000000000000000)
   7.5200000000000005                      (4.28830733142713782513055775780230761,0.00000000000000000000000000000000000)
   7.5600000000000005                      (2.69400523234261601857042478513903916,0.00000000000000000000000000000000000)
   7.6000000000000005                     (0.618033988749897011949485658988123760,0.00000000000000000000000000000000000)
   7.6400000000000006                     (-1.61083060667126543030747143347980455,0.00000000000000000000000000000000000)
   7.6799999999999997                     (-3.62598898866724983491849343408830464,0.00000000000000000000000000000000000)
   7.7199999999999998                     (-5.09562094927626496598804806126281619,0.00000000000000000000000000000000000)
   7.7599999999999998                     (-5.78845546780956254906413960270583630,0.00000000000000000000000000000000000)
   7.7999999999999998                     (-5.61803398874989934341783737181685865,0.00000000000000000000000000000000000)
   7.8399999999999999                     (-4.65578464831077454277874494437128305,0.00000000000000000000000000000000000)
   7.8799999999999999                     (-3.11048693844118329110415288596414030,0.00000000000000000000000000000000000)
   7.9199999999999999                     (-1.27948741921191544435032483306713402,0.00000000000000000000000000000000000)
   7.9600000000000000                     (0.516545382587920265393677254905924201,0.00000000000000000000000000000000000)
