   0.0000000000000000                      (3.00000000000000000000000000000000000,0.00000000000000000000000000000000000)
   4.0000000000000001E-002                 (3.24695402888148576536764267075341195,0.00000000000000000000000000000000000)
   8.0000000000000002E-002                 (2.78305088952193591111949899641331285,0.00000000000000000000000000000000000)
  0.12000000000000000                      (1.80640554733783553764681073516840115,0.00000000000000000000000000000000000)
  0.16000000000000000                     (0.624775157895088861792487477941904217,0.00000000000000000000000000000000000)
  0.20000000000000001                    (-0.427050983124841909699398456723429263,0.00000000000000000000000000000000000)
  0.23999999999999999                     (-1.07423107135312623228173833922483027,0.00000000000000000000000000000000000)
  0.28000000000000003                     (-1.17129546891485869508642281289212406,0.00000000000000000000000000000000000)
  0.32000000000000001                    (-0.736701464661122074062404863070696592,0.00000000000000000000000000000000000)
  0.35999999999999999               (5.589004499272109960372745263157412410E-0002,0.00000000000000000000000000000000000)
  0.40000000000000002                     (0.927050983124841909699398456723429263,0.00000000000000000000000000000000000)
  0.44000000000000000                      (1.56887189351433908868216349219437689,0.00000000000000000000000000000000000)
  0.47999999999999998                      (1.73017897880094673190853882260853425,0.00000000000000000000000000000000000)
  0.52000000000000002                      (1.28771549463599854767892338713863865,0.00000000000000000000000000000000000)
  0.56000000000000005                     (0.284792849673926040665605796675663441,0.00000000000000000000000000000000000)
  0.59999999999999998                     (-1.07294901687515675803297199308872223,0.00000000000000000000000000000000000)
  0.64000000000000001                     (-2.46425697634748219755351783533114940,0.00000000000000000000000000000000000)
  0.68000000000000005                     (-3.53030595799596635941952627035789192,0.00000000000000000000000000000000000)
  0.71999999999999997                     (-3.96489996224970120408670481992885470,0.00000000000000000000000000000000000)
  0.76000000000000001                     (-3.59437809269332930739437870215624571,0.00000000000000000000000000000000000)
  0.80000000000000004                     (-2.42705098312484368605623785697389394,0.00000000000000000000000000000000000)
  0.83999999999999997                    (-0.659303885945327627915446555562084541,0.00000000000000000000000000000000000)
  0.88000000000000000                      (1.36394206317288357865891157416626811,0.00000000000000000000000000000000000)
  0.92000000000000004                      (3.22551437368688409534911443188320845,0.00000000000000000000000000000000000)
  0.95999999999999996                      (4.53103307272189592680433634086512029,0.00000000000000000000000000000000000)
   1.0000000000000000                      (5.00000000000000000000000000000000000,0.00000000000000000000000000000000000)
   1.0400000000000000                      (4.53103307272189770316117574111558497,0.00000000000000000000000000000000000)
   1.0800000000000001                      (3.22551437368688276308148488169535995,0.00000000000000000000000000000000000)
   1.1200000000000001                      (1.36394206317288202434667709894711152,0.00000000000000000000000000000000000)
   1.1599999999999999                    (-0.659303885945318857153552016825415194,0.00000000000000000000000000000000000)
   1.2000000000000000                     (-2.42705098312484057743176890653558075,0.00000000000000000000000000000000000)
   1.2400000000000000                     (-3.59437809269332753103753930190578103,0.00000000000000000000000000000000000)
   1.2800000000000000                     (-3.96489996224969942772986541967839003,0.00000000000000000000000000000000000)
   1.3200000000000001                     (-3.53030595799596014217058836948126554,0.00000000000000000000000000000000000)
   1.3600000000000001                     (-2.46425697634747420394774053420405835,0.00000000000000000000000000000000000)
   1.4000000000000001                     (-1.07294901687515964461283601849572733,0.00000000000000000000000000000000000)
   1.4399999999999999                     (0.284792849673926928844025496800895780,0.00000000000000000000000000000000000)
   1.4800000000000000                      (1.28771549463599876972352831216994673,0.00000000000000000000000000000000000)
   1.5200000000000000                      (1.73017897880094806417616837279638276,0.00000000000000000000000000000000000)
   1.5600000000000001                      (1.56887189351434175321742259257007390,0.00000000000000000000000000000000000)
   1.6000000000000001                     (0.927050983124843575033935394458239898,0.00000000000000000000000000000000000)
   1.6400000000000001               (5.589004499272365311668409049161709845E-0002,0.00000000000000000000000000000000000)
   1.6799999999999999                    (-0.736701464661116744991886662319302559,0.00000000000000000000000000000000000)
   1.7200000000000000                     (-1.17129546891485758486339818773558363,0.00000000000000000000000000000000000)
   1.7600000000000000                     (-1.07423107135312712046015803935006261,0.00000000000000000000000000000000000)
   1.8000000000000000                    (-0.427050983124843686056237856973893940,0.00000000000000000000000000000000000)
   1.8400000000000001                     (0.624775157895089083837092402973212302,0.00000000000000000000000000000000000)
   1.8800000000000001                      (1.80640554733783487151299596007447690,0.00000000000000000000000000000000000)
   1.9199999999999999                      (2.78305088952193102613819064572453499,0.00000000000000000000000000000000000)
   1.9600000000000000                      (3.24695402888148443310001312056556344,0.00000000000000000000000000000000000)
   2.0000000000000000                      (3.00000000000000133226762955018784851,0.00000000000000000000000000000000000)
   2.0400000000000000                      (2.01088605138169418395932552812155336,0.00000000000000000000000000000000000)
   2.0800000000000001                     (0.431909880352043806794881675159558654,0.00000000000000000000000000000000000)
   2.1200000000000001                     (-1.42966243016195937443058028293307871,0.00000000000000000000000000000000000)
   2.1600000000000001                     (-3.17945090728552948178275983082130551,0.00000000000000000000000000000000000)
   2.2000000000000002                     (-4.42705098312484679468070680741220713,0.00000000000000000000000000000000000)
   2.2400000000000002                     (-4.87845713653374168927712162258103490,0.00000000000000000000000000000000000)
   2.2800000000000002                     (-4.40736344641464761195948085514828563,0.00000000000000000000000000000000000)
   2.3199999999999998                     (-3.08784247383102261608200933551415801,0.00000000000000000000000000000000000)
   2.3599999999999999                     (-1.18017793250707891949957684118999168,0.00000000000000000000000000000000000)
   2.3999999999999999                     (0.927050983124837357784997493581613526,0.00000000000000000000000000000000000)
   2.4399999999999999                      (2.80493987101412356466312303382437676,0.00000000000000000000000000000000000)
   2.4800000000000000                      (4.08131998797083817009934136876836419,0.00000000000000000000000000000000000)
   2.5200000000000000                      (4.52378347213579079522105530486442149,0.00000000000000000000000000000000000)
   2.5600000000000001                      (4.08901891485453816699191520456224680,0.00000000000000000000000000000000000)
   2.6000000000000001                      (2.92705098312484590650228710728697479,0.00000000000000000000000000000000000)
   2.6400000000000001                      (1.33996908883312504379148322186665609,0.00000000000000000000000000000000000)
   2.6800000000000002                    (-0.294237980496175444145023902819957584,0.00000000000000000000000000000000000)
   2.7200000000000002                     (-1.61375895307981132020813674898818135,0.00000000000000000000000000000000000)
   2.7600000000000002                     (-2.35831011519353994643211080983746797,0.00000000000000000000000000000000000)
   2.8000000000000003                     (-2.42705098312484990330517575785052031,0.00000000000000000000000000000000000)
   2.8399999999999999                     (-1.89537186344511932034606616070959717,0.00000000000000000000000000000000000)
   2.8799999999999999                    (-0.987198945997004750907422021555248648,0.00000000000000000000000000000000000)
   2.9199999999999999              (-1.055360381290926241604211099911481142E-0002,0.00000000000000000000000000000000000)
   2.9600000000000000                     (0.726807007541286020924076183291617781,0.00000000000000000000000000000000000)
   3.0000000000000000                      (1.00000000000000000000000000000000000,0.00000000000000000000000000000000000)
   3.0400000000000000                     (0.726807007541289351593150058761239052,0.00000000000000000000000000000000000)
   3.0800000000000001              (-1.055360381290371130091898521641269326E-0002,0.00000000000000000000000000000000000)
   3.1200000000000001                    (-0.987198945996998866725391508225584403,0.00000000000000000000000000000000000)
   3.1600000000000001                     (-1.89537186344511487945396766008343548,0.00000000000000000000000000000000000)
   3.2000000000000002                     (-2.42705098312484102152097875659819692,0.00000000000000000000000000000000000)
   3.2400000000000002                     (-2.35831011519353817007527140958700329,0.00000000000000000000000000000000000)
   3.2800000000000002                     (-1.61375895307980421478077914798632264,0.00000000000000000000000000000000000)
   3.3200000000000003                    (-0.294237980496164119870172726223245263,0.00000000000000000000000000000000000)
   3.3599999999999999                      (1.33996908883311527382886652048910037,0.00000000000000000000000000000000000)
   3.3999999999999999                      (2.92705098312483746880729995609726757,0.00000000000000000000000000000000000)
   3.4399999999999999                      (4.08901891485453283792139700381085277,0.00000000000000000000000000000000000)
   3.4800000000000000                      (4.52378347213579168339947500498965383,0.00000000000000000000000000000000000)
   3.5200000000000000                      (4.08131998797084349916985956951975822,0.00000000000000000000000000000000000)
   3.5600000000000001                      (2.80493987101412578510917228413745761,0.00000000000000000000000000000000000)
   3.6000000000000001                     (0.927050983124849570238268370303558186,0.00000000000000000000000000000000000)
   3.6400000000000001                     (-1.18017793250707736518734236597083509,0.00000000000000000000000000000000000)
   3.6800000000000002                     (-3.08784247383101284611939263413660228,0.00000000000000000000000000000000000)
   3.7200000000000002                     (-4.40736344641465382920841875602491200,0.00000000000000000000000000000000000)
   3.7600000000000002                     (-4.87845713653374168927712162258103490,0.00000000000000000000000000000000000)
   3.8000000000000003                     (-4.42705098312484590650228710728697479,0.00000000000000000000000000000000000)
   3.8399999999999999                     (-3.17945090728553880765616668213624507,0.00000000000000000000000000000000000)
   3.8799999999999999                     (-1.42966243016195959647518520796438679,0.00000000000000000000000000000000000)
   3.9199999999999999                     (0.431909880352032926609240348625462502,0.00000000000000000000000000000000000)
   3.9600000000000000                      (2.01088605138169151942406642774585634,0.00000000000000000000000000000000000)
   4.0000000000000000                      (2.99999999999999733546474089962430298,0.00000000000000000000000000000000000)
   4.0400000000000000                      (3.24695402888149331488421012181788683,0.00000000000000000000000000000000000)
   4.0800000000000001                      (2.78305088952194168427922704722732306,0.00000000000000000000000000000000000)
   4.1200000000000001                      (1.80640554733784175489574863604502752,0.00000000000000000000000000000000000)
   4.1600000000000001                     (0.624775157895086197257228377566207200,0.00000000000000000000000000000000000)
   4.2000000000000002                    (-0.427050983124838801074929506285116076,0.00000000000000000000000000000000000)
   4.2400000000000002                     (-1.07423107135312867477239251456921920,0.00000000000000000000000000000000000)
   4.2800000000000002                     (-1.17129546891486491233536071376875043,0.00000000000000000000000000000000000)
   4.3200000000000003                    (-0.736701464661112304099788161693140864,0.00000000000000000000000000000000000)
   4.3600000000000003               (5.589004499272220982675207778811454773E-0002,0.00000000000000000000000000000000000)
   4.4000000000000004                     (0.927050983124851901706620083132293075,0.00000000000000000000000000000000000)
   4.4400000000000004                      (1.56887189351433642414690439181867987,0.00000000000000000000000000000000000)
   4.4800000000000004                      (1.73017897880095405938050134864170104,0.00000000000000000000000000000000000)
   4.5200000000000005                      (1.28771549463599566109905936173163354,0.00000000000000000000000000000000000)
   4.5600000000000005                     (0.284792849673925152487186096550431103,0.00000000000000000000000000000000000)
   4.6000000000000005                     (-1.07294901687517163502150197018636391,0.00000000000000000000000000000000000)
   4.6399999999999997                     (-2.46425697634746665443117308313958347,0.00000000000000000000000000000000000)
   4.6799999999999997                     (-3.53030595799595348083244061854202300,0.00000000000000000000000000000000000)
   4.7199999999999998                     (-3.96489996224970431271117377036716789,0.00000000000000000000000000000000000)
   4.7599999999999998                     (-3.59437809269333730100015600328333676,0.00000000000000000000000000000000000)
   4.7999999999999998                     (-2.42705098312484945921596590778790414,0.00000000000000000000000000000000000)
   4.8399999999999999                    (-0.659303885945336731744248481845716015,0.00000000000000000000000000000000000)
   4.8799999999999999                      (1.36394206317287514096392442297656089,0.00000000000000000000000000000000000)
   4.9199999999999999                      (3.22551437368687121676202878006733954,0.00000000000000000000000000000000000)
   4.9600000000000000                      (4.53103307272189770316117574111558497,0.00000000000000000000000000000000000)
   5.0000000000000000                      (5.00000000000000000000000000000000000,0.00000000000000000000000000000000000)
   5.0400000000000000                      (4.53103307272190392041011364199221134,0.00000000000000000000000000000000000)
   5.0800000000000001                      (3.22551437368689164486568188294768333,0.00000000000000000000000000000000000)
   5.1200000000000001                      (1.36394206317287935981141799857141450,0.00000000000000000000000000000000000)
   5.1600000000000001                    (-0.659303885945324408268675142608117312,0.00000000000000000000000000000000000)
   5.2000000000000002                     (-2.42705098312484190969939845672342926,0.00000000000000000000000000000000000)
   5.2400000000000002                     (-3.59437809269331953743176200077868998,0.00000000000000000000000000000000000)
   5.2800000000000002                     (-3.96489996224969143412408811855129898,0.00000000000000000000000000000000000)
   5.3200000000000003                     (-3.53030595799595703354611941904295236,0.00000000000000000000000000000000000)
   5.3600000000000003                     (-2.46425697634748175346430798526853323,0.00000000000000000000000000000000000)
   5.4000000000000004                     (-1.07294901687516519572795914427842945,0.00000000000000000000000000000000000)
   5.4400000000000004                     (0.284792849673944026278604724211618304,0.00000000000000000000000000000000000)
   5.4800000000000004                      (1.28771549463600298857102188776480034,0.00000000000000000000000000000000000)
   5.5200000000000005                      (1.73017897880094828622077329782769084,0.00000000000000000000000000000000000)
   5.5600000000000005                      (1.56887189351434663819873094325885177,0.00000000000000000000000000000000000)
   5.6000000000000005                     (0.927050983124860894513119546900270507,0.00000000000000000000000000000000000)
   5.6399999999999997               (5.589004499272409720589394055423326790E-0002,0.00000000000000000000000000000000000)
   5.6799999999999997                    (-0.736701464661112082055183236661832780,0.00000000000000000000000000000000000)
   5.7199999999999998                     (-1.17129546891485092352525043679634109,0.00000000000000000000000000000000000)
   5.7599999999999998                     (-1.07423107135312756454936788941267878,0.00000000000000000000000000000000000)
   5.7999999999999998                    (-0.427050983124847238769916657474823296,0.00000000000000000000000000000000000)
   5.8399999999999999                     (0.624775157895076871383821526251267642,0.00000000000000000000000000000000000)
   5.8799999999999999                      (1.80640554733781355523092315706890076,0.00000000000000000000000000000000000)
   5.9199999999999999                      (2.78305088952194612517132554785348475,0.00000000000000000000000000000000000)
   5.9600000000000000                      (3.24695402888148576536764267075341195,0.00000000000000000000000000000000000)
   6.0000000000000000                      (3.00000000000001065814103640150278807,0.00000000000000000000000000000000000)
   6.0400000000000000                      (2.01088605138171150343850968056358397,0.00000000000000000000000000000000000)
   6.0800000000000001                     (0.431909880352068675790633278666064143,0.00000000000000000000000000000000000)
   6.1200000000000001                     (-1.42966243016196248305504923337139189,0.00000000000000000000000000000000000)
   6.1600000000000001                     (-3.17945090728552592906908103032037616,0.00000000000000000000000000000000000)
   6.2000000000000002                     (-4.42705098312483702471809010603465140,0.00000000000000000000000000000000000)
   6.2400000000000002                     (-4.87845713653373991292028222233057022,0.00000000000000000000000000000000000)
   6.2800000000000002                     (-4.40736344641464317106738235452212393,0.00000000000000000000000000000000000)
   6.3200000000000003                     (-3.08784247383100662887045473325997591,0.00000000000000000000000000000000000)
   6.3600000000000003                     (-1.18017793250706315433262716396711767,0.00000000000000000000000000000000000)
   6.4000000000000004                     (0.927050983124829475201522654970176518,0.00000000000000000000000000000000000)
   6.4400000000000004                      (2.80493987101414576912361553695518523,0.00000000000000000000000000000000000)
   6.4800000000000004                      (4.08131998797084616370511866989545524,0.00000000000000000000000000000000000)
   6.5200000000000005                      (4.52378347213578990704263560473918915,0.00000000000000000000000000000000000)
   6.5600000000000005                      (4.08901891485454527241927280556410551,0.00000000000000000000000000000000000)
   6.6000000000000005                      (2.92705098312485123557280530803836882,0.00000000000000000000000000000000000)
   6.6400000000000006                      (1.33996908883310839044611384451854974,0.00000000000000000000000000000000000)
   6.6799999999999997                    (-0.294237980496149242881642749125603586,0.00000000000000000000000000000000000)
   6.7199999999999998                     (-1.61375895307979155823829842120176181,0.00000000000000000000000000000000000)
   6.7599999999999998                     (-2.35831011519353817007527140958700329,0.00000000000000000000000000000000000)
   6.7999999999999998                     (-2.42705098312483702471809010603465140,0.00000000000000000000000000000000000)
   6.8399999999999999                     (-1.89537186344512242897053511114791036,0.00000000000000000000000000000000000)
   6.8799999999999999                    (-0.987198945997029952970081012608716264,0.00000000000000000000000000000000000)
   6.9199999999999999              (-1.055360381289882631961063452763482928E-0002,0.00000000000000000000000000000000000)
   6.9600000000000000                     (0.726807007541286242968681108322925866,0.00000000000000000000000000000000000)
   7.0000000000000000                      (1.00000000000000000000000000000000000,0.00000000000000000000000000000000000)
   7.0400000000000000                     (0.726807007541291349994594384043011814,0.00000000000000000000000000000000000)
   7.0800000000000001              (-1.055360381288239501884618221083655953E-0002,0.00000000000000000000000000000000000)
   7.1200000000000001                    (-0.987198945997010524067150072369258851,0.00000000000000000000000000000000000)
   7.1600000000000001                     (-1.89537186344511865421225138561567292,0.00000000000000000000000000000000000)
   7.2000000000000002                     (-2.42705098312484057743176890653558075,0.00000000000000000000000000000000000)
   7.2400000000000002                     (-2.35831011519353683780764185939915478,0.00000000000000000000000000000000000)
   7.2800000000000002                     (-1.61375895307980021797789049742277712,0.00000000000000000000000000000000000)
   7.3200000000000003                    (-0.294237980496165896227012126473709941,0.00000000000000000000000000000000000)
   7.3600000000000003                      (1.33996908883312970672818664752412587,0.00000000000000000000000000000000000)
   7.4000000000000004                      (2.92705098312483169564757190528325737,0.00000000000000000000000000000000000)
   7.4400000000000004                      (4.08901891485455681873872890719212592,0.00000000000000000000000000000000000)
   7.4800000000000004                      (4.52378347213578813068579620448872447,0.00000000000000000000000000000000000)
   7.5200000000000005                      (4.08131998797083017649356406764127314,0.00000000000000000000000000000000000)
   7.5600000000000005                      (2.80493987101413200235811018501408398,0.00000000000000000000000000000000000)
   7.6000000000000005                     (0.927050983124850347394385607913136482,0.00000000000000000000000000000000000)
   7.6400000000000006                     (-1.18017793250709690511257576872594655,0.00000000000000000000000000000000000)
   7.6799999999999997                     (-3.08784247383098975348048043088056147,0.00000000000000000000000000000000000)
   7.7199999999999998                     (-4.40736344641462629567740805214270949,0.00000000000000000000000000000000000)
   7.7599999999999998                     (-4.87845713653373724838502312195487320,0.00000000000000000000000000000000000)
   7.7999999999999998                     (-4.42705098312484857103754620766267180,0.00000000000000000000000000000000000)
   7.8399999999999999                     (-3.17945090728554458081589473295025527,0.00000000000000000000000000000000000)
   7.8799999999999999                     (-1.42966243016198402138172696140827611,0.00000000000000000000000000000000000)
   7.9199999999999999                     (0.431909880352038477724363474408164620,0.00000000000000000000000000000000000)
   7.9600000000000000                      (2.01088605138168619035354822699446231,0.00000000000000000000000000000000000)
