   0.0000000000000000                      (3.00000000000000000000000000000000000,0.00000000000000000000000000000000000)
  0.40000000000000002                      (1.42443076470937546318396016431506723,0.00000000000000000000000000000000000)
  0.80000000000000004                     (-1.46354362179409225319659526576288044,0.00000000000000000000000000000000000)
   1.2000000000000002                     (-1.05795675488723417423386763402959332,0.00000000000000000000000000000000000)
   1.6000000000000001                      (2.61570685018254689424566095112822950,0.00000000000000000000000000000000000)
   2.0000000000000000                      (4.90211304416320992061173456022515893,0.00000000000000000000000000000000000)
   2.4000000000000004                      (2.92310444280325043564516818150877953,0.00000000000000000000000000000000000)
   2.8000000000000003                    (-0.462476491492054719856241717934608459,0.00000000000000000000000000000000000)
   3.2000000000000002                    (-0.617396903705975219622814620379358530,0.00000000000000000000000000000000000)
   3.6000000000000001                      (2.46807742570686761141018905618693680,0.00000000000000000000000000000000000)
   4.0000000000000000                      (4.17557044398843579813274118350818753,0.00000000000000000000000000000000000)
   4.4000000000000004                      (1.66330001188848908277861937676789239,0.00000000000000000000000000000000000)
   4.8000000000000007                     (-2.17638460516916998344072453619446605,0.00000000000000000000000000000000000)
   5.2000000000000002                     (-2.67771754685746810054070010664872825,0.00000000000000000000000000000000000)
   5.6000000000000005                     (0.190801780257302322496570923249237239,0.00000000000000000000000000000000000)
   6.0000000000000000                      (1.82442940452029023212787706142989919,0.00000000000000000000000000000000000)
   6.4000000000000004                    (-0.613975578817067657588779638899723068,0.00000000000000000000000000000000000)
   6.8000000000000007                     (-4.23670514227235361914836175856180489,0.00000000000000000000000000000000000)
   7.2000000000000002                     (-4.39162550984543198495657634339295328,0.00000000000000000000000000000000000)
   7.6000000000000005                     (-1.06900246479579874581133935862453654,0.00000000000000000000000000000000000)
   8.0000000000000000                      (1.09788701370131280832254105916945264,0.00000000000000000000000000000000000)
   8.4000000000000004                    (-0.761604783597415790907803057052660733,0.00000000000000000000000000000000000)
   8.8000000000000007                     (-3.79614507486049213014212000416591763,0.00000000000000000000000000000000000)
   9.2000000000000011                     (-3.39055818036410050453355324862059206,0.00000000000000000000000000000000000)
   9.6000000000000014                     (0.429671382910887023065527046128408983,0.00000000000000000000000000000000000)
   10.000000000000000                      (3.00000018725351536019729792315047234,0.00000000000000000000000000000000000)
   10.400000000000000                      (1.42443094607996090239510067476658151,0.00000000000000000000000000000000000)
   10.800000000000001                     (-1.46354345770259897108189761638641357,0.00000000000000000000000000000000000)
   11.200000000000001                     (-1.05795661838529175824419326090719551,0.00000000000000000000000000000000000)
   11.600000000000001                      (2.61570695051792112550970159645657986,0.00000000000000000000000000000000000)
   12.000000000000000                      (4.90211310202771688437906050239689648,0.00000000000000000000000000000000000)
   12.400000000000000                      (2.92310445456095902017068510758690536,0.00000000000000000000000000000000000)
   12.800000000000001                    (-0.462476526579886915158112969947978854,0.00000000000000000000000000000000000)
   13.200000000000001                    (-0.617396983434649326838439264975022525,0.00000000000000000000000000000000000)
   13.600000000000001                      (2.46807730634690436488654086133465171,0.00000000000000000000000000000000000)
   14.000000000000000                      (4.17557029249715139229692795197479427,0.00000000000000000000000000000000000)
   14.400000000000000                      (1.66329983778453494025484360463451594,0.00000000000000000000000000000000000)
   14.800000000000001                     (-2.17638479094615577835725162003654987,0.00000000000000000000000000000000000)
   15.200000000000001                     (-2.67771773263442058876648843579459935,0.00000000000000000000000000000000000)
   15.600000000000001                     (0.190801606153324865289278022828511894,0.00000000000000000000000000000000000)
   16.000000000000000                      (1.82442925302902625439571693277684972,0.00000000000000000000000000000000000)
   16.400000000000002                    (-0.613975698176869144617739948444068432,0.00000000000000000000000000000000000)
   16.800000000000001                     (-4.23670522200103683019278832944110036,0.00000000000000000000000000000000000)
   17.199999999999999                     (-4.39162554493321177773168528801761568,0.00000000000000000000000000000000000)
   17.600000000000001                     (-1.06900245303809815489159973367350176,0.00000000000000000000000000000000000)
   18.000000000000000                      (1.09788707156585285673600083100609481,0.00000000000000000000000000000000000)
   18.400000000000002                    (-0.761604683261877912769932663650251925,0.00000000000000000000000000000000000)
   18.800000000000001                     (-3.79614493835857169656833320914302021,0.00000000000000000000000000000000000)
   19.200000000000003                     (-3.39055801627259567609939949761610478,0.00000000000000000000000000000000000)
   19.600000000000001                     (0.429671564281466800139241968281567097,0.00000000000000000000000000000000000)
   20.000000000000000                      (3.00000037450703072039459584630094469,0.00000000000000000000000000000000000)
   20.400000000000002                      (1.42443112745062316903954524605069309,0.00000000000000000000000000000000000)
   20.800000000000001                     (-1.46354329361111457075139696826227009,0.00000000000000000000000000000000000)
   21.200000000000003                     (-1.05795648188341462336836684698937461,0.00000000000000000000000000000000000)
   21.600000000000001                      (2.61570705085344279439141246257349849,0.00000000000000000000000000000000000)
   22.000000000000000                      (4.90211315989220608457799244206398726,0.00000000000000000000000000000000000)
   22.400000000000002                      (2.92310446631866049926884443266317248,0.00000000000000000000000000000000000)
   22.800000000000001                    (-0.462476561667685137635430692171212286,0.00000000000000000000000000000000000)
   23.200000000000003                    (-0.617397063163439119293229850882198662,0.00000000000000000000000000000000000)
   23.600000000000001                      (2.46807718698701084036883912631310523,0.00000000000000000000000000000000000)
   24.000000000000000                      (4.17557014100585544014165861881338060,0.00000000000000000000000000000000000)
   24.400000000000002                      (1.66329966368067094784066739521222189,0.00000000000000000000000000000000000)
   24.800000000000001                     (-2.17638497672313446784642110287677497,0.00000000000000000000000000000000000)
   25.200000000000003                     (-2.67771791841142681178666862251702696,0.00000000000000000000000000000000000)
   25.600000000000001                     (0.190801432049517827316265083936741576,0.00000000000000000000000000000000000)
   26.000000000000000                      (1.82442910153777471116143260587705299,0.00000000000000000000000000000000000)
   26.400000000000002                    (-0.613975817536818069264370478776982054,0.00000000000000000000000000000000000)
   26.800000000000001                     (-4.23670530172962855885998578742146492,0.00000000000000000000000000000000000)
   27.200000000000003                     (-4.39162558002107594745666574453935027,0.00000000000000000000000000000000000)
   27.600000000000001                     (-1.06900244128029897616727339482167736,0.00000000000000000000000000000000000)
   28.000000000000000                      (1.09788712943040867031641028006561100,0.00000000000000000000000000000000000)
   28.400000000000002                    (-0.761604582926404427567490529327187687,0.00000000000000000000000000000000000)
   28.800000000000001                     (-3.79614480185661617994696825917344540,0.00000000000000000000000000000000000)
   29.200000000000003                     (-3.39055785218106020550976609229110181,0.00000000000000000000000000000000000)
   29.600000000000001                     (0.429671745652170922191714907967252657,0.00000000000000000000000000000000000)
   30.000000000000000                      (3.00000056176054252787821496895048767,0.00000000000000000000000000000000000)
   30.400000000000002                      (1.42443130882111534951661724335281178,0.00000000000000000000000000000000000)
   30.800000000000001                     (-1.46354312951959153465963936469051987,0.00000000000000000000000000000000000)
   31.200000000000003                     (-1.05795634538154703641055220941780135,0.00000000000000000000000000000000000)
   31.600000000000001                      (2.61570715118878505123234390339348465,0.00000000000000000000000000000000000)
   32.000000000000000                      (4.90211321775668018574378947960212827,0.00000000000000000000000000000000000)
   32.399999999999999                      (2.92310447807626250238399734371341765,0.00000000000000000000000000000000000)
   32.800000000000004                    (-0.462476596755502900037981817149557173,0.00000000000000000000000000000000000)
   33.200000000000003                    (-0.617397142892092354315991542534902692,0.00000000000000000000000000000000000)
   33.600000000000001                      (2.46807706762718659376787400105968118,0.00000000000000000000000000000000000)
   34.000000000000000                      (4.17556998951454971802377258427441120,0.00000000000000000000000000000000000)
   34.399999999999999                      (1.66329948957664464082029098790371791,0.00000000000000000000000000000000000)
   34.800000000000004                     (-2.17638516250007185703907452989369631,0.00000000000000000000000000000000000)
   35.200000000000003                     (-2.67771810418842370893344195792451501,0.00000000000000000000000000000000000)
   35.600000000000001                     (0.190801257945558244699668648536317050,0.00000000000000000000000000000000000)
   36.000000000000000                      (1.82442895004652760881924677960341796,0.00000000000000000000000000000000000)
   36.399999999999999                    (-0.613975936896746787851952831260859966,0.00000000000000000000000000000000000)
   36.800000000000004                     (-4.23670538145820785302930744364857674,0.00000000000000000000000000000000000)
   37.200000000000003                     (-4.39162561510877047510348347714170814,0.00000000000000000000000000000000000)
   37.600000000000001                     (-1.06900242952240165372757019213167951,0.00000000000000000000000000000000000)
   38.000000000000000                      (1.09788718729498335768823835678631440,0.00000000000000000000000000000000000)
   38.400000000000006                    (-0.761604482590835019095720781479030848,0.00000000000000000000000000000000000)
   38.800000000000004                     (-3.79614466535459316176570609968621284,0.00000000000000000000000000000000000)
   39.200000000000003                     (-3.39055768808956958793032754329033196,0.00000000000000000000000000000000000)
   39.600000000000001                     (0.429671927022724164935141288879094645,0.00000000000000000000000000000000000)
   40.000000000000000                      (3.00000074901406144078919169260188937,0.00000000000000000000000000000000000)
   40.400000000000006                      (1.42443149019193437965213888674043119,0.00000000000000000000000000000000000)
   40.800000000000004                     (-1.46354296542807116310314086149446666,0.00000000000000000000000000000000000)
   41.200000000000003                     (-1.05795620887969632484271187422564253,0.00000000000000000000000000000000000)
   41.600000000000001                      (2.61570725152427918658304406562820077,0.00000000000000000000000000000000000)
   42.000000000000000                      (4.90211327562113563516277281451039016,0.00000000000000000000000000000000000)
   42.400000000000006                      (2.92310448983417225932157634815666825,0.00000000000000000000000000000000000)
   42.800000000000004                    (-0.462476631843335317384457994194235653,0.00000000000000000000000000000000000)
   43.200000000000003                    (-0.617397222620764907219381711911410093,0.00000000000000000000000000000000000)
   43.600000000000001                      (2.46807694826718204694770975038409233,0.00000000000000000000000000000000000)
   44.000000000000000                      (4.17556983802323600230010924860835075,0.00000000000000000000000000000000000)
   44.400000000000006                      (1.66329931547292986238062439952045679,0.00000000000000000000000000000000000)
   44.800000000000004                     (-2.17638534827710117269816691987216473,0.00000000000000000000000000000000000)
   45.200000000000003                     (-2.67771828996532512690009752986952662,0.00000000000000000000000000000000000)
   45.600000000000001                     (0.190801083841605323421219964075135067,0.00000000000000000000000000000000000)
   46.000000000000000                      (1.82442879855529649368861555558396503,0.00000000000000000000000000000000000)
   46.400000000000006                    (-0.613976056256189006710144440148724243,0.00000000000000000000000000000000000)
   46.800000000000004                     (-4.23670546118687063597008091164752841,0.00000000000000000000000000000000000)
   47.200000000000003                     (-4.39162565019655026787859242176637053,0.00000000000000000000000000000000000)
   47.600000000000001                     (-1.06900241776448678976407791196834296,0.00000000000000000000000000000000000)
   48.000000000000000                      (1.09788724515957225591478163551073521,0.00000000000000000000000000000000000)
   48.400000000000006                    (-0.761604382255416822999904979951679707,0.00000000000000000000000000000000000)
   48.800000000000004                     (-3.79614452885255904135419768863357604,0.00000000000000000000000000000000000)
   49.200000000000003                     (-3.39055752399807097674511169316247106,0.00000000000000000000000000000000000)
   49.600000000000001                     (0.429672108393437002238357536043622531,0.00000000000000000000000000000000000)
   50.000000000000000                      (3.00000093626757280418360096518881619,0.00000000000000000000000000000000000)
   50.400000000000006                      (1.42443167156242478377237148379208520,0.00000000000000000000000000000000000)
   50.800000000000004                     (-1.46354280133655878515241965942550451,0.00000000000000000000000000000000000)
   51.200000000000003                     (-1.05795607237765221242398183676414192,0.00000000000000000000000000000000000)
   51.600000000000001                      (2.61570735185959568624980420281644911,0.00000000000000000000000000000000000)
   52.000000000000000                      (4.90211333348557509737020154716446996,0.00000000000000000000000000000000000)
   52.400000000000006                      (2.92310450159190216012916607724037021,0.00000000000000000000000000000000000)
   52.800000000000004                    (-0.462476666931387780934414877265226096,0.00000000000000000000000000000000000)
   53.200000000000003                    (-0.617397302349553367406542747630737722,0.00000000000000000000000000000000000)
   53.600000000000001                      (2.46807682890717305923544699908234179,0.00000000000000000000000000000000000)
   54.000000000000000                      (4.17556968653191251661382921156473458,0.00000000000000000000000000000000000)
   54.400000000000006                      (1.66329914136904610799660986231174320,0.00000000000000000000000000000000000)
   54.800000000000004                     (-2.17638553405403945006924004701431841,0.00000000000000000000000000000000000)
   55.200000000000003                     (-2.67771847574232424449292011559009552,0.00000000000000000000000000000000000)
   55.600000000000001                     (0.190800909737983137581807113747345284,0.00000000000000000000000000000000000)
   56.000000000000000                      (1.82442864706407581465441580803599209,0.00000000000000000000000000000000000)
   56.400000000000006                    (-0.613976175616261832246323137951549143,0.00000000000000000000000000000000000)
   56.800000000000004                     (-4.23670554091541706753787366324104369,0.00000000000000000000000000000000000)
   57.200000000000003                     (-4.39162568528430963255004826351068914,0.00000000000000000000000000000000000)
   57.600000000000001                     (-1.06900240600671647683839182718656957,0.00000000000000000000000000000000000)
   58.000000000000000                      (1.09788730302417802953129921661457047,0.00000000000000000000000000000000000)
   58.400000000000006                    (-0.761604281919817882595680202939547598,0.00000000000000000000000000000000000)
   58.800000000000004                     (-3.79614439235051204235560362576507032,0.00000000000000000000000000000000000)
   59.200000000000003                     (-3.39055735990636231136363676341716200,0.00000000000000000000000000000000000)
   59.600000000000001                     (0.429672289763992132360925779721583240,0.00000000000000000000000000000000000)
   60.000000000000000                      (3.00000112352108461166722008783835918,0.00000000000000000000000000000000000)
   60.400000000000006                      (1.42443185293307306160670577810378745,0.00000000000000000000000000000000000)
   60.800000000000004                     (-1.46354263724526778567280871357070282,0.00000000000000000000000000000000000)
   61.200000000000003                     (-1.05795593587583125483320145576726645,0.00000000000000000000000000000000000)
   61.600000000000001                      (2.61570745219488998145607183687388897,0.00000000000000000000000000000000000)
   62.000000000000000                      (4.90211339134999946054449537768959999,0.00000000000000000000000000000000000)
   62.400000000000006                      (2.92310451334961474145757165388204157,0.00000000000000000000000000000000000)
   62.800000000000004                    (-0.462476702019253282927024883974809200,0.00000000000000000000000000000000000)
   63.200000000000003                    (-0.617397382078352041645530334790237248,0.00000000000000000000000000000000000)
   63.600000000000001                      (2.46807670954746649627509214042220265,0.00000000000000000000000000000000000)
   64.000000000000000                      (4.17556953504057215553757487214170396,0.00000000000000000000000000000000000)
   64.400000000000006                      (1.66329896726484527391676238039508462,0.00000000000000000000000000000000000)
   64.799999999999997                     (-2.17638571983116690944370930083096027,0.00000000000000000000000000000000000)
   65.200000000000003                     (-2.67771866151930737487418809905648232,0.00000000000000000000000000000000000)
   65.600000000000009                     (0.190800735633698703708205357543192804,0.00000000000000000000000000000000000)
   66.000000000000000                      (1.82442849557285957651231456111418083,0.00000000000000000000000000000000000)
   66.400000000000006                    (-0.613976294975987935131911399366799742,0.00000000000000000000000000000000000)
   66.799999999999997                     (-4.23670562064414291114644584013149142,0.00000000000000000000000000000000000)
   67.200000000000003                     (-4.39162572037185405804393667494878173,0.00000000000000000000000000000000000)
   67.600000000000009                     (-1.06900239424925169728908258548472077,0.00000000000000000000000000000000000)
   68.000000000000000                      (1.09788736088880267693923542537959293,0.00000000000000000000000000000000000)
   68.400000000000006                    (-0.761604181584211725741795362409902737,0.00000000000000000000000000000000000)
   68.799999999999997                     (-3.79614425584866443941223224101122469,0.00000000000000000000000000000000000)
   69.200000000000003                     (-3.39055719581484060753950871003326029,0.00000000000000000000000000000000000)
   69.600000000000009                     (0.429672471134572131479245626906049438,0.00000000000000000000000000000000000)
   70.000000000000000                      (3.00000131077460352457819681148976088,0.00000000000000000000000000000000000)
   70.400000000000006                      (1.42443203430370290973883129481691867,0.00000000000000000000000000000000000)
   70.799999999999997                     (-1.46354247315397278939030911715235561,0.00000000000000000000000000000000000)
   71.200000000000003                     (-1.05795579937401118542084077489562333,0.00000000000000000000000000000000000)
   71.600000000000009                      (2.61570755253018472075154932099394500,0.00000000000000000000000000000000000)
   72.000000000000000                      (4.90211344921440694832881490583531559,0.00000000000000000000000000000000000)
   72.400000000000006                      (2.92310452510698404182676313212141395,0.00000000000000000000000000000000000)
   72.799999999999997                    (-0.462476737107337498855486046522855759,0.00000000000000000000000000000000000)
   73.200000000000003                    (-0.617397461807172032166590724955312908,0.00000000000000000000000000000000000)
   73.600000000000009                      (2.46807659018709735221364098833873868,0.00000000000000000000000000000000000)
   74.000000000000000                      (4.17556938354922202449870383134111762,0.00000000000000000000000000000000000)
   74.400000000000006                      (1.66329879316094864094566219137050211,0.00000000000000000000000000000000000)
   74.799999999999997                     (-2.17638590560809541685216572659555823,0.00000000000000000000000000000000000)
   75.200000000000003                     (-2.67771884729610221143047965597361326,0.00000000000000000000000000000000000)
   75.600000000000009                     (0.190800561529771650626230439229402691,0.00000000000000000000000000000000000)
   76.000000000000000                      (1.82442834408165377446664479066384956,0.00000000000000000000000000000000000)
   76.400000000000006                    (-0.613976414335709597125401160155888647,0.00000000000000000000000000000000000)
   76.800000000000011                     (-4.23670570037246374539563475991599262,0.00000000000000000000000000000000000)
   77.200000000000003                     (-4.39162575545958144829228331218473613,0.00000000000000000000000000000000000)
   77.600000000000009                     (-1.06900238249112256028183765010908246,0.00000000000000000000000000000000000)
   78.000000000000000                      (1.09788741875344397769254101149272174,0.00000000000000000000000000000000000)
   78.400000000000006                    (-0.761604081248582920338208168686833233,0.00000000000000000000000000000000000)
   78.800000000000011                     (-3.79614411934638251722162749501876533,0.00000000000000000000000000000000000)
   79.200000000000003                     (-3.39055703172330957784197380533441901,0.00000000000000000000000000000000000)
   79.600000000000009                     (0.429672652505128926936350808318820782,0.00000000000000000000000000000000000)
