   0.0000000000000000                      (2.00000000000000000000000000000000000,0.00000000000000000000000000000000000)
   4.0000000000000001E-002                 (2.98868131637573242187500000000000000,0.00000000000000000000000000000000000)
   8.0000000000000002E-002                 (3.42279458045959472656250000000000000,0.00000000000000000000000000000000000)
  0.12000000000000000                      (3.36164903640747070312500000000000000,0.00000000000000000000000000000000000)
  0.16000000000000000                      (2.95266747474670410156250000000000000,0.00000000000000000000000000000000000)
  0.20000000000000001                      (2.38196611404418945312500000000000000,0.00000000000000000000000000000000000)
  0.23999999999999999                      (1.81999671459197998046875000000000000,0.00000000000000000000000000000000000)
  0.28000000000000003                      (1.37651503086090087890625000000000000,0.00000000000000000000000000000000000)
  0.32000000000000001                      (1.07629299163818359375000000000000000,0.00000000000000000000000000000000000)
  0.35999999999999999                     (0.861305356025695800781250000000000000,0.00000000000000000000000000000000000)
  0.40000000000000002                     (0.618034005165100097656250000000000000,0.00000000000000000000000000000000000)
  0.44000000000000000                     (0.221869274973869323730468750000000000,0.00000000000000000000000000000000000)
  0.47999999999999998                    (-0.413974672555923461914062500000000000,0.00000000000000000000000000000000000)
  0.52000000000000002                     (-1.29890167713165283203125000000000000,0.00000000000000000000000000000000000)
  0.56000000000000005                     (-2.34628891944885253906250000000000000,0.00000000000000000000000000000000000)
  0.59999999999999998                     (-3.38196611404418945312500000000000000,0.00000000000000000000000000000000000)
  0.64000000000000001                     (-4.17898845672607421875000000000000000,0.00000000000000000000000000000000000)
  0.68000000000000005                     (-4.51091575622558593750000000000000000,0.00000000000000000000000000000000000)
  0.71999999999999997                     (-4.21069383621215820312500000000000000,0.00000000000000000000000000000000000)
  0.76000000000000001                     (-3.22029733657836914062500000000000000,0.00000000000000000000000000000000000)
  0.80000000000000004                     (-1.61803400516510009765625000000000000,0.00000000000000000000000000000000000)
  0.83999999999999997                     (0.384509384632110595703125000000000000,0.00000000000000000000000000000000000)
  0.88000000000000000                      (2.47672200202941894531250000000000000,0.00000000000000000000000000000000000)
  0.92000000000000004                      (4.30772161483764648437500000000000000,0.00000000000000000000000000000000000)
  0.95999999999999996                      (5.55683946609497070312500000000000000,0.00000000000000000000000000000000000)
   1.0000000000000000                      (6.00000000000000000000000000000000000,0.00000000000000000000000000000000000)
   1.0400000000000000                      (5.55683946609497070312500000000000000,0.00000000000000000000000000000000000)
   1.0800000000000001                      (4.30772161483764648437500000000000000,0.00000000000000000000000000000000000)
   1.1200000000000001                      (2.47672200202941894531250000000000000,0.00000000000000000000000000000000000)
   1.1599999999999999                     (0.384509384632110595703125000000000000,0.00000000000000000000000000000000000)
   1.2000000000000000                     (-1.61803400516510009765625000000000000,0.00000000000000000000000000000000000)
   1.2400000000000000                     (-3.22029733657836914062500000000000000,0.00000000000000000000000000000000000)
   1.2800000000000000                     (-4.21069383621215820312500000000000000,0.00000000000000000000000000000000000)
   1.3200000000000001                     (-4.51091575622558593750000000000000000,0.00000000000000000000000000000000000)
   1.3600000000000001                     (-4.17898845672607421875000000000000000,0.00000000000000000000000000000000000)
   1.4000000000000001                     (-3.38196611404418945312500000000000000,0.00000000000000000000000000000000000)
   1.4399999999999999                     (-2.34628891944885253906250000000000000,0.00000000000000000000000000000000000)
   1.4800000000000000                     (-1.29890167713165283203125000000000000,0.00000000000000000000000000000000000)
   1.5200000000000000                    (-0.413974672555923461914062500000000000,0.00000000000000000000000000000000000)
   1.5600000000000001                     (0.221869274973869323730468750000000000,0.00000000000000000000000000000000000)
   1.6000000000000001                     (0.618034005165100097656250000000000000,0.00000000000000000000000000000000000)
   1.6400000000000001                     (0.861305356025695800781250000000000000,0.00000000000000000000000000000000000)
   1.6799999999999999                      (1.07629299163818359375000000000000000,0.00000000000000000000000000000000000)
   1.7200000000000000                      (1.37651503086090087890625000000000000,0.00000000000000000000000000000000000)
   1.7600000000000000                      (1.81999671459197998046875000000000000,0.00000000000000000000000000000000000)
   1.8000000000000000                      (2.38196611404418945312500000000000000,0.00000000000000000000000000000000000)
   1.8400000000000001                      (2.95266747474670410156250000000000000,0.00000000000000000000000000000000000)
   1.8800000000000001                      (3.36164903640747070312500000000000000,0.00000000000000000000000000000000000)
   1.9199999999999999                      (3.42279458045959472656250000000000000,0.00000000000000000000000000000000000)
   1.9600000000000000                      (2.98868131637573242187500000000000000,0.00000000000000000000000000000000000)
   2.0000000000000000                      (2.00000000000000000000000000000000000,0.00000000000000000000000000000000000)
   2.0400000000000000                     (0.516545355319976806640625000000000000,0.00000000000000000000000000000000000)
   2.0800000000000001                     (-1.27948737144470214843750000000000000,0.00000000000000000000000000000000000)
   2.1200000000000001                     (-3.11048698425292968750000000000000000,0.00000000000000000000000000000000000)
   2.1600000000000001                     (-4.65578460693359375000000000000000000,0.00000000000000000000000000000000000)
   2.2000000000000002                     (-5.61803388595581054687500000000000000,0.00000000000000000000000000000000000)
   2.2400000000000002                     (-5.78845548629760742187500000000000000,0.00000000000000000000000000000000000)
   2.2800000000000002                     (-5.09562110900878906250000000000000000,0.00000000000000000000000000000000000)
   2.3199999999999998                     (-3.62598896026611328125000000000000000,0.00000000000000000000000000000000000)
   2.3599999999999999                     (-1.61083066463470458984375000000000000,0.00000000000000000000000000000000000)
   2.3999999999999999                     (0.618034005165100097656250000000000000,0.00000000000000000000000000000000000)
   2.4399999999999999                      (2.69400525093078613281250000000000000,0.00000000000000000000000000000000000)
   2.4800000000000000                      (4.28830718994140625000000000000000000,0.00000000000000000000000000000000000)
   2.5200000000000000                      (5.17323446273803710937500000000000000,0.00000000000000000000000000000000000)
   2.5600000000000001                      (5.26216316223144531250000000000000000,0.00000000000000000000000000000000000)
   2.6000000000000001                      (4.61803388595581054687500000000000000,0.00000000000000000000000000000000000)
   2.6400000000000001                      (3.42946338653564453125000000000000000,0.00000000000000000000000000000000000)
   2.6800000000000002                      (1.96122002601623535156250000000000000,0.00000000000000000000000000000000000)
   2.7200000000000002                     (0.491588026285171508789062500000000000,0.00000000000000000000000000000000000)
   2.7600000000000002                    (-0.748161435127258300781250000000000000,0.00000000000000000000000000000000000)
   2.8000000000000003                     (-1.61803400516510009765625000000000000,0.00000000000000000000000000000000000)
   2.8399999999999999                     (-2.08762645721435546875000000000000000,0.00000000000000000000000000000000000)
   2.8799999999999999                     (-2.22555994987487792968750000000000000,0.00000000000000000000000000000000000)
   2.9199999999999999                     (-2.16441440582275390625000000000000000,0.00000000000000000000000000000000000)
   2.9600000000000000                     (-2.05161261558532714843750000000000000,0.00000000000000000000000000000000000)
   3.0000000000000000                     (-2.00000000000000000000000000000000000,0.00000000000000000000000000000000000)
   3.0400000000000000                     (-2.05161261558532714843750000000000000,0.00000000000000000000000000000000000)
   3.0800000000000001                     (-2.16441440582275390625000000000000000,0.00000000000000000000000000000000000)
   3.1200000000000001                     (-2.22555994987487792968750000000000000,0.00000000000000000000000000000000000)
   3.1600000000000001                     (-2.08762645721435546875000000000000000,0.00000000000000000000000000000000000)
   3.2000000000000002                     (-1.61803400516510009765625000000000000,0.00000000000000000000000000000000000)
   3.2400000000000002                    (-0.748161435127258300781250000000000000,0.00000000000000000000000000000000000)
   3.2800000000000002                     (0.491588026285171508789062500000000000,0.00000000000000000000000000000000000)
   3.3200000000000003                      (1.96122002601623535156250000000000000,0.00000000000000000000000000000000000)
   3.3599999999999999                      (3.42946338653564453125000000000000000,0.00000000000000000000000000000000000)
   3.3999999999999999                      (4.61803388595581054687500000000000000,0.00000000000000000000000000000000000)
   3.4399999999999999                      (5.26216316223144531250000000000000000,0.00000000000000000000000000000000000)
   3.4800000000000000                      (5.17323446273803710937500000000000000,0.00000000000000000000000000000000000)
   3.5200000000000000                      (4.28830718994140625000000000000000000,0.00000000000000000000000000000000000)
   3.5600000000000001                      (2.69400525093078613281250000000000000,0.00000000000000000000000000000000000)
   3.6000000000000001                     (0.618034005165100097656250000000000000,0.00000000000000000000000000000000000)
   3.6400000000000001                     (-1.61083066463470458984375000000000000,0.00000000000000000000000000000000000)
   3.6800000000000002                     (-3.62598896026611328125000000000000000,0.00000000000000000000000000000000000)
   3.7200000000000002                     (-5.09562110900878906250000000000000000,0.00000000000000000000000000000000000)
   3.7600000000000002                     (-5.78845548629760742187500000000000000,0.00000000000000000000000000000000000)
   3.8000000000000003                     (-5.61803388595581054687500000000000000,0.00000000000000000000000000000000000)
   3.8399999999999999                     (-4.65578460693359375000000000000000000,0.00000000000000000000000000000000000)
   3.8799999999999999                     (-3.11048698425292968750000000000000000,0.00000000000000000000000000000000000)
   3.9199999999999999                     (-1.27948737144470214843750000000000000,0.00000000000000000000000000000000000)
   3.9600000000000000                     (0.516545355319976806640625000000000000,0.00000000000000000000000000000000000)
   4.0000000000000000                      (2.00000000000000000000000000000000000,0.00000000000000000000000000000000000)
   4.0400000000000000                      (2.98868131637573242187500000000000000,0.00000000000000000000000000000000000)
   4.0800000000000001                      (3.42279458045959472656250000000000000,0.00000000000000000000000000000000000)
   4.1200000000000001                      (3.36164903640747070312500000000000000,0.00000000000000000000000000000000000)
   4.1600000000000001                      (2.95266747474670410156250000000000000,0.00000000000000000000000000000000000)
   4.2000000000000002                      (2.38196611404418945312500000000000000,0.00000000000000000000000000000000000)
   4.2400000000000002                      (1.81999671459197998046875000000000000,0.00000000000000000000000000000000000)
   4.2800000000000002                      (1.37651503086090087890625000000000000,0.00000000000000000000000000000000000)
   4.3200000000000003                      (1.07629299163818359375000000000000000,0.00000000000000000000000000000000000)
   4.3600000000000003                     (0.861305356025695800781250000000000000,0.00000000000000000000000000000000000)
   4.4000000000000004                     (0.618034005165100097656250000000000000,0.00000000000000000000000000000000000)
   4.4400000000000004                     (0.221869274973869323730468750000000000,0.00000000000000000000000000000000000)
   4.4800000000000004                    (-0.413974672555923461914062500000000000,0.00000000000000000000000000000000000)
   4.5200000000000005                     (-1.29890167713165283203125000000000000,0.00000000000000000000000000000000000)
   4.5600000000000005                     (-2.34628891944885253906250000000000000,0.00000000000000000000000000000000000)
   4.6000000000000005                     (-3.38196611404418945312500000000000000,0.00000000000000000000000000000000000)
   4.6399999999999997                     (-4.17898845672607421875000000000000000,0.00000000000000000000000000000000000)
   4.6799999999999997                     (-4.51091575622558593750000000000000000,0.00000000000000000000000000000000000)
   4.7199999999999998                     (-4.21069383621215820312500000000000000,0.00000000000000000000000000000000000)
   4.7599999999999998                     (-3.22029733657836914062500000000000000,0.00000000000000000000000000000000000)
   4.7999999999999998                     (-1.61803400516510009765625000000000000,0.00000000000000000000000000000000000)
   4.8399999999999999                     (0.384509384632110595703125000000000000,0.00000000000000000000000000000000000)
   4.8799999999999999                      (2.47672200202941894531250000000000000,0.00000000000000000000000000000000000)
   4.9199999999999999                      (4.30772161483764648437500000000000000,0.00000000000000000000000000000000000)
   4.9600000000000000                      (5.55683946609497070312500000000000000,0.00000000000000000000000000000000000)
   5.0000000000000000                      (6.00000000000000000000000000000000000,0.00000000000000000000000000000000000)
   5.0400000000000000                      (5.55683946609497070312500000000000000,0.00000000000000000000000000000000000)
   5.0800000000000001                      (4.30772161483764648437500000000000000,0.00000000000000000000000000000000000)
   5.1200000000000001                      (2.47672200202941894531250000000000000,0.00000000000000000000000000000000000)
   5.1600000000000001                     (0.384509384632110595703125000000000000,0.00000000000000000000000000000000000)
   5.2000000000000002                     (-1.61803400516510009765625000000000000,0.00000000000000000000000000000000000)
   5.2400000000000002                     (-3.22029733657836914062500000000000000,0.00000000000000000000000000000000000)
   5.2800000000000002                     (-4.21069383621215820312500000000000000,0.00000000000000000000000000000000000)
   5.3200000000000003                     (-4.51091575622558593750000000000000000,0.00000000000000000000000000000000000)
   5.3600000000000003                     (-4.17898845672607421875000000000000000,0.00000000000000000000000000000000000)
   5.4000000000000004                     (-3.38196611404418945312500000000000000,0.00000000000000000000000000000000000)
   5.4400000000000004                     (-2.34628891944885253906250000000000000,0.00000000000000000000000000000000000)
   5.4800000000000004                     (-1.29890167713165283203125000000000000,0.00000000000000000000000000000000000)
   5.5200000000000005                    (-0.413974672555923461914062500000000000,0.00000000000000000000000000000000000)
   5.5600000000000005                     (0.221869274973869323730468750000000000,0.00000000000000000000000000000000000)
   5.6000000000000005                     (0.618034005165100097656250000000000000,0.00000000000000000000000000000000000)
   5.6399999999999997                     (0.861305356025695800781250000000000000,0.00000000000000000000000000000000000)
   5.6799999999999997                      (1.07629299163818359375000000000000000,0.00000000000000000000000000000000000)
   5.7199999999999998                      (1.37651503086090087890625000000000000,0.00000000000000000000000000000000000)
   5.7599999999999998                      (1.81999671459197998046875000000000000,0.00000000000000000000000000000000000)
   5.7999999999999998                      (2.38196611404418945312500000000000000,0.00000000000000000000000000000000000)
   5.8399999999999999                      (2.95266747474670410156250000000000000,0.00000000000000000000000000000000000)
   5.8799999999999999                      (3.36164903640747070312500000000000000,0.00000000000000000000000000000000000)
   5.9199999999999999                      (3.42279458045959472656250000000000000,0.00000000000000000000000000000000000)
   5.9600000000000000                      (2.98868131637573242187500000000000000,0.00000000000000000000000000000000000)
   6.0000000000000000                      (2.00000000000000000000000000000000000,0.00000000000000000000000000000000000)
   6.0400000000000000                     (0.516545355319976806640625000000000000,0.00000000000000000000000000000000000)
   6.0800000000000001                     (-1.27948737144470214843750000000000000,0.00000000000000000000000000000000000)
   6.1200000000000001                     (-3.11048698425292968750000000000000000,0.00000000000000000000000000000000000)
   6.1600000000000001                     (-4.65578460693359375000000000000000000,0.00000000000000000000000000000000000)
   6.2000000000000002                     (-5.61803388595581054687500000000000000,0.00000000000000000000000000000000000)
   6.2400000000000002                     (-5.78845548629760742187500000000000000,0.00000000000000000000000000000000000)
   6.2800000000000002                     (-5.09562110900878906250000000000000000,0.00000000000000000000000000000000000)
   6.3200000000000003                     (-3.62598896026611328125000000000000000,0.00000000000000000000000000000000000)
   6.3600000000000003                     (-1.61083066463470458984375000000000000,0.00000000000000000000000000000000000)
   6.4000000000000004                     (0.618034005165100097656250000000000000,0.00000000000000000000000000000000000)
   6.4400000000000004                      (2.69400525093078613281250000000000000,0.00000000000000000000000000000000000)
   6.4800000000000004                      (4.28830718994140625000000000000000000,0.00000000000000000000000000000000000)
   6.5200000000000005                      (5.17323446273803710937500000000000000,0.00000000000000000000000000000000000)
   6.5600000000000005                      (5.26216316223144531250000000000000000,0.00000000000000000000000000000000000)
   6.6000000000000005                      (4.61803388595581054687500000000000000,0.00000000000000000000000000000000000)
   6.6400000000000006                      (3.42946338653564453125000000000000000,0.00000000000000000000000000000000000)
   6.6799999999999997                      (1.96122002601623535156250000000000000,0.00000000000000000000000000000000000)
   6.7199999999999998                     (0.491588026285171508789062500000000000,0.00000000000000000000000000000000000)
   6.7599999999999998                    (-0.748161435127258300781250000000000000,0.00000000000000000000000000000000000)
   6.7999999999999998                     (-1.61803400516510009765625000000000000,0.00000000000000000000000000000000000)
   6.8399999999999999                     (-2.08762645721435546875000000000000000,0.00000000000000000000000000000000000)
   6.8799999999999999                     (-2.22555994987487792968750000000000000,0.00000000000000000000000000000000000)
   6.9199999999999999                     (-2.16441440582275390625000000000000000,0.00000000000000000000000000000000000)
   6.9600000000000000                     (-2.05161261558532714843750000000000000,0.00000000000000000000000000000000000)
   7.0000000000000000                     (-2.00000000000000000000000000000000000,0.00000000000000000000000000000000000)
   7.0400000000000000                     (-2.05161261558532714843750000000000000,0.00000000000000000000000000000000000)
   7.0800000000000001                     (-2.16441440582275390625000000000000000,0.00000000000000000000000000000000000)
   7.1200000000000001                     (-2.22555994987487792968750000000000000,0.00000000000000000000000000000000000)
   7.1600000000000001                     (-2.08762645721435546875000000000000000,0.00000000000000000000000000000000000)
   7.2000000000000002                     (-1.61803400516510009765625000000000000,0.00000000000000000000000000000000000)
   7.2400000000000002                    (-0.748161435127258300781250000000000000,0.00000000000000000000000000000000000)
   7.2800000000000002                     (0.491588026285171508789062500000000000,0.00000000000000000000000000000000000)
   7.3200000000000003                      (1.96122002601623535156250000000000000,0.00000000000000000000000000000000000)
   7.3600000000000003                      (3.42946338653564453125000000000000000,0.00000000000000000000000000000000000)
   7.4000000000000004                      (4.61803388595581054687500000000000000,0.00000000000000000000000000000000000)
   7.4400000000000004                      (5.26216316223144531250000000000000000,0.00000000000000000000000000000000000)
   7.4800000000000004                      (5.17323446273803710937500000000000000,0.00000000000000000000000000000000000)
   7.5200000000000005                      (4.28830718994140625000000000000000000,0.00000000000000000000000000000000000)
   7.5600000000000005                      (2.69400525093078613281250000000000000,0.00000000000000000000000000000000000)
   7.6000000000000005                     (0.618034005165100097656250000000000000,0.00000000000000000000000000000000000)
   7.6400000000000006                     (-1.61083066463470458984375000000000000,0.00000000000000000000000000000000000)
   7.6799999999999997                     (-3.62598896026611328125000000000000000,0.00000000000000000000000000000000000)
   7.7199999999999998                     (-5.09562110900878906250000000000000000,0.00000000000000000000000000000000000)
   7.7599999999999998                     (-5.78845548629760742187500000000000000,0.00000000000000000000000000000000000)
   7.7999999999999998                     (-5.61803388595581054687500000000000000,0.00000000000000000000000000000000000)
   7.8399999999999999                     (-4.65578460693359375000000000000000000,0.00000000000000000000000000000000000)
   7.8799999999999999                     (-3.11048698425292968750000000000000000,0.00000000000000000000000000000000000)
   7.9199999999999999                     (-1.27948737144470214843750000000000000,0.00000000000000000000000000000000000)
   7.9600000000000000                     (0.516545355319976806640625000000000000,0.00000000000000000000000000000000000)
