   0.0000000000000000                      (2.00000000000000000000000000000000000,0.00000000000000000000000000000000000)
  0.40000000000000002                      (1.61279355191896178745025736134266481,0.00000000000000000000000000000000000)
  0.80000000000000004                     (0.308980733911606852970521686074789613,0.00000000000000000000000000000000000)
   1.2000000000000002                      (1.12015446772532367702979172463528812,0.00000000000000000000000000000000000)
   1.6000000000000001                      (3.99534572286530043072616535937413573,0.00000000000000000000000000000000000)
   2.0000000000000000                      (5.80422608832642072940188882057555020,0.00000000000000000000000000000000000)
   2.4000000000000004                      (4.61014090810670218445466161938384175,0.00000000000000000000000000000000000)
   2.8000000000000003                      (2.31111499451568302987425340688787401,0.00000000000000000000000000000000000)
   3.2000000000000002                      (2.00127417008783492491375000099651515,0.00000000000000000000000000000000000)
   3.6000000000000001                      (3.70008687391393831234154276899062097,0.00000000000000000000000000000000000)
   4.0000000000000000                      (4.35114088797687070808706266689114273,0.00000000000000000000000000000000000)
   4.4000000000000004                      (2.09053204627716970875894730852451175,0.00000000000000000000000000000000000)
   4.8000000000000007                     (-1.11670123283856126406021758157294244,0.00000000000000000000000000000000000)
   5.2000000000000002                     (-2.11936711621515261327886037179268897,0.00000000000000000000000000000000000)
   5.6000000000000005                    (-0.854464416985195485132464909838745371,0.00000000000000000000000000000000000)
   6.0000000000000000                    (-0.351141190959419535744245877140201628,0.00000000000000000000000000000000000)
   6.4000000000000004                     (-2.46401913513391335186497599352151155,0.00000000000000000000000000000000000)
   6.8000000000000007                     (-5.23734230704494319041941707837395370,0.00000000000000000000000000000000000)
   7.2000000000000002                     (-5.54718304219108215846745224553160369,0.00000000000000000000000000000000000)
   7.6000000000000005                     (-3.37407290709140106343966181157156825,0.00000000000000000000000000000000000)
   8.0000000000000000                     (-1.80422597259737438335491788166109473,0.00000000000000000000000000000000000)
   8.4000000000000004                     (-2.75927754469460584374473910429514945,0.00000000000000000000000000000000000)
   8.8000000000000007                     (-4.35622217222121843605009416933171451,0.00000000000000000000000000000000000)
   9.2000000000000011                     (-3.54504838322838899955513625172898173,0.00000000000000000000000000000000000)
   9.6000000000000014                    (-0.376725211677979676672123332537012175,0.00000000000000000000000000000000000)
   10.000000000000000                      (2.00000037450703072039459584630094469,0.00000000000000000000000000000000000)
   10.400000000000000                      (1.61279391466015153966395700990688056,0.00000000000000000000000000000000000)
   10.800000000000001                     (0.308981062094604297385558311361819506,0.00000000000000000000000000000000000)
   11.200000000000001                      (1.12015474072919318793140064371982589,0.00000000000000000000000000000000000)
   11.600000000000001                      (3.99534592353613859927463636267930269,0.00000000000000000000000000000000000)
   12.000000000000000                      (5.80422620405543376875812100479379296,0.00000000000000000000000000000000000)
   12.400000000000000                      (4.61014093162215132792880467604845762,0.00000000000000000000000000000000000)
   12.800000000000001                      (2.31111492434003107376838670461438596,0.00000000000000000000000000000000000)
   13.200000000000001                      (2.00127401063047560825225446023978293,0.00000000000000000000000000000000000)
   13.600000000000001                      (3.70008663519410241349305579205974936,0.00000000000000000000000000000000000)
   14.000000000000000                      (4.35114058499430278459385590394958854,0.00000000000000000000000000000000000)
   14.400000000000000                      (2.09053169806930716490001032070722431,0.00000000000000000000000000000000000)
   14.800000000000001                     (-1.11670160439250509831765612034359947,0.00000000000000000000000000000000000)
   15.200000000000001                     (-2.11936748776906913604989313171245158,0.00000000000000000000000000000000000)
   15.600000000000001                    (-0.854464765193060693526660998031729832,0.00000000000000000000000000000000000)
   16.000000000000000                    (-0.351141493941947491208566134446300566,0.00000000000000000000000000000000000)
   16.400000000000002                     (-2.46401937385360580989868140022736043,0.00000000000000000000000000000000000)
   16.800000000000001                     (-5.23734246650226520358728521387092769,0.00000000000000000000000000000000000)
   17.199999999999999                     (-5.54718311236665417851554593653418124,0.00000000000000000000000000000000000)
   17.600000000000001                     (-3.37407288357591061966900269908364862,0.00000000000000000000000000000000000)
   18.000000000000000                     (-1.80422585686829428652799833798781037,0.00000000000000000000000000000000000)
   18.400000000000002                     (-2.75927734402361934940017818007618189,0.00000000000000000000000000000000000)
   18.800000000000001                     (-4.35622189921733138362469617277383804,0.00000000000000000000000000000000000)
   19.200000000000003                     (-3.54504805504535713822633624658919871,0.00000000000000000000000000000000000)
   19.600000000000001                    (-0.376724848936784595387905483221402392,0.00000000000000000000000000000000000)
   20.000000000000000                      (2.00000074901406144078919169260188937,0.00000000000000000000000000000000000)
   20.400000000000002                      (1.61279427740138636693245643982663751,0.00000000000000000000000000000000000)
   20.800000000000001                     (0.308981390277584422321410784206818789,0.00000000000000000000000000000000000)
   21.200000000000003                      (1.12015501373300252474507487931987271,0.00000000000000000000000000000000000)
   21.600000000000001                      (3.99534612420705492752404097700491548,0.00000000000000000000000000000000000)
   22.000000000000000                      (5.80422631978441305733440458425320685,0.00000000000000000000000000000000000)
   22.400000000000002                      (4.61014095513757204969351732870563865,0.00000000000000000000000000000000000)
   22.800000000000001                      (2.31111485416437867357331015227828175,0.00000000000000000000000000000000000)
   23.200000000000003                      (2.00127385117301859196459190570749342,0.00000000000000000000000000000000000)
   23.600000000000001                      (3.70008639647429582453241891926154494,0.00000000000000000000000000000000000)
   24.000000000000000                      (4.35114028201171088028331723762676120,0.00000000000000000000000000000000000)
   24.400000000000002                      (2.09053134986148947405126818921416998,0.00000000000000000000000000000000000)
   24.800000000000001                     (-1.11670197594645048688732913433341309,0.00000000000000000000000000000000000)
   25.200000000000003                     (-2.11936785932302607093902224733028561,0.00000000000000000000000000000000000)
   25.600000000000001                    (-0.854465113400801667964401531207840890,0.00000000000000000000000000000000000)
   26.000000000000000                    (-0.351141796924450577677134788245894015,0.00000000000000000000000000000000000)
   26.400000000000002                     (-2.46401961257337642763332041795365512,0.00000000000000000000000000000000000)
   26.800000000000001                     (-5.23734262595950372798370153759606183,0.00000000000000000000000000000000000)
   27.200000000000003                     (-5.54718318254225994934358823229558766,0.00000000000000000000000000000000000)
   27.600000000000001                     (-3.37407286006033091396716372400987893,0.00000000000000000000000000000000000)
   28.000000000000000                     (-1.80422574113918265936717943986877799,0.00000000000000000000000000000000000)
   28.400000000000002                     (-2.75927714335265372724848020880017430,0.00000000000000000000000000000000000)
   28.800000000000001                     (-4.35622162621340969224092987133190036,0.00000000000000000000000000000000000)
   29.200000000000003                     (-3.54504772686229774336652553756721318,0.00000000000000000000000000000000000)
   29.600000000000001                    (-0.376724486195503027730069334211293608,0.00000000000000000000000000000000000)
   30.000000000000000                      (2.00000112352108461166722008783835918,0.00000000000000000000000000000000000)
   30.400000000000002                      (1.61279464014249773740061755233909935,0.00000000000000000000000000000000000)
   30.800000000000001                     (0.308981718460575205398299658554606140,0.00000000000000000000000000000000000)
   31.200000000000003                      (1.12015528673679343185654033732134849,0.00000000000000000000000000000000000)
   31.600000000000001                      (3.99534632487783003540471327141858637,0.00000000000000000000000000000000000)
   32.000000000000000                      (5.80422643551336037148757895920425653,0.00000000000000000000000000000000000)
   32.399999999999999                      (4.61014097865290395361625996883958578,0.00000000000000000000000000000000000)
   32.800000000000004                      (2.31111478398868808170618649455718696,0.00000000000000000000000000000000000)
   33.200000000000003                      (2.00127369171563351812892506131902337,0.00000000000000000000000000000000000)
   33.600000000000001                      (3.70008615775452120999489125097170472,0.00000000000000000000000000000000000)
   34.000000000000000                      (4.35113997902909943604754516854882240,0.00000000000000000000000000000000000)
   34.399999999999999                      (2.09053100165356386952453249250538647,0.00000000000000000000000000000000000)
   34.800000000000004                     (-1.11670234750038099846847217122558504,0.00000000000000000000000000000000000)
   35.200000000000003                     (-2.11936823087696435408133766031824052,0.00000000000000000000000000000000000)
   35.600000000000001                    (-0.854465461608631238199507151875877753,0.00000000000000000000000000000000000)
   36.000000000000000                    (-0.351142099906944782361506440793164074,0.00000000000000000000000000000000000)
   36.399999999999999                     (-2.46401985129310707733907293004449457,0.00000000000000000000000000000000000)
   36.800000000000004                     (-5.23734278541671649520594655768945813,0.00000000000000000000000000000000000)
   37.200000000000003                     (-5.54718325271772805251657700864598155,0.00000000000000000000000000000000000)
   37.600000000000001                     (-3.37407283654466283451256458647549152,0.00000000000000000000000000000000000)
   38.000000000000000                     (-1.80422562541003328462352328642737120,0.00000000000000000000000000000000000)
   38.400000000000006                     (-2.75927694268160417223612057568971068,0.00000000000000000000000000000000000)
   38.800000000000004                     (-4.35622135320941872294042696012184024,0.00000000000000000000000000000000000)
   39.200000000000003                     (-3.54504739867926144114562703180126846,0.00000000000000000000000000000000000)
   39.600000000000001                    (-0.376724123454307169289734247286105528,0.00000000000000000000000000000000000)
   40.000000000000000                      (2.00000149802812243748917353514116257,0.00000000000000000000000000000000000)
   40.400000000000006                      (1.61279500288383026429528399603441358,0.00000000000000000000000000000000000)
   40.800000000000004                     (0.308982046643561103493880182213615626,0.00000000000000000000000000000000000)
   41.200000000000003                      (1.12015555974054992205424241547007114,0.00000000000000000000000000000000000)
   41.600000000000001                      (3.99534652554869040841367677785456181,0.00000000000000000000000000000000000)
   42.000000000000000                      (5.80422655124227127032554562902078032,0.00000000000000000000000000000000000)
   42.400000000000006                      (4.61014100216841704593662143452093005,0.00000000000000000000000000000000000)
   42.800000000000004                      (2.31111471381296773586200288264080882,0.00000000000000000000000000000000000)
   43.200000000000003                      (2.00127353225821025262121111154556274,0.00000000000000000000000000000000000)
   43.600000000000001                      (3.70008591903460182237495246226899326,0.00000000000000000000000000000000000)
   44.000000000000000                      (4.35113967604647200460021849721670151,0.00000000000000000000000000000000000)
   44.400000000000006                      (2.09053065344582833517961262259632349,0.00000000000000000000000000000000000)
   44.800000000000004                     (-1.11670271905436124804111841513076797,0.00000000000000000000000000000000000)
   45.200000000000003                     (-2.11936860243084534971558241522870958,0.00000000000000000000000000000000000)
   45.600000000000001                    (-0.854465809816447707802922195696737617,0.00000000000000000000000000000000000)
   46.000000000000000                    (-0.351142402889407012622768888832069933,0.00000000000000000000000000000000000)
   46.400000000000006                     (-2.46402009001251354192163489642553031,0.00000000000000000000000000000000000)
   46.800000000000004                     (-5.23734294487396390138655988266691566,0.00000000000000000000000000000000000)
   47.200000000000003                     (-5.54718332289323168282635379000566900,0.00000000000000000000000000000000000)
   47.600000000000001                     (-3.37407281302895967201038729399442673,0.00000000000000000000000000000000000)
   48.000000000000000                     (-1.80422550968085548817043672897852957,0.00000000000000000000000000000000000)
   48.400000000000006                     (-2.75927674201064121461968170478940010,0.00000000000000000000000000000000000)
   48.800000000000004                     (-4.35622108020540554917943154578097165,0.00000000000000000000000000000000000)
   49.200000000000003                     (-3.54504707049620781944554437359329313,0.00000000000000000000000000000000000)
   49.600000000000001                    (-0.376723760713008171130411483318312094,0.00000000000000000000000000000000000)
   50.000000000000000                      (2.00000187253514605245641178044024855,0.00000000000000000000000000000000000)
   50.400000000000006                      (1.61279536562493763796055645798332989,0.00000000000000000000000000000000000)
   50.800000000000004                     (0.308982374826530348244091328524518758,0.00000000000000000000000000000000000)
   51.200000000000003                      (1.12015583274442609429399908549385145,0.00000000000000000000000000000000000)
   51.600000000000001                      (3.99534672621941311376758676487952471,0.00000000000000000000000000000000000)
   52.000000000000000                      (5.80422666697115019474040309432893991,0.00000000000000000000000000000000000)
   52.400000000000006                      (4.61014102568378802970983088016510010,0.00000000000000000000000000000000000)
   52.800000000000004                      (2.31111464363707508340439744642935693,0.00000000000000000000000000000000000)
   53.200000000000003                      (2.00127337280068839930891044787131250,0.00000000000000000000000000000000000)
   53.600000000000001                      (3.70008568031467355297081667231395841,0.00000000000000000000000000000000000)
   54.000000000000000                      (4.35113937306382503322765842312946916,0.00000000000000000000000000000000000)
   54.400000000000006                      (2.09053030523797156448040368559304625,0.00000000000000000000000000000000000)
   54.800000000000004                     (-1.11670309060829331393449592724209651,0.00000000000000000000000000000000000)
   55.200000000000003                     (-2.11936897398478896192841602896805853,0.00000000000000000000000000000000000)
   55.600000000000001                    (-0.854466158024035249418659532238962129,0.00000000000000000000000000000000000)
   56.000000000000000                    (-0.351142705871848370691168383928015828,0.00000000000000000000000000000000000)
   56.400000000000006                     (-2.46402032873231657816859296872280538,0.00000000000000000000000000000000000)
   56.800000000000004                     (-5.23734310433111360794100619386881590,0.00000000000000000000000000000000000)
   57.200000000000003                     (-5.54718339306869534510724406572990119,0.00000000000000000000000000000000000)
   57.600000000000001                     (-3.37407278951332978422783526184502989,0.00000000000000000000000000000000000)
   58.000000000000000                     (-1.80422539395164394093740156677085906,0.00000000000000000000000000000000000)
   58.400000000000006                     (-2.75927654133953259574241201335098594,0.00000000000000000000000000000000000)
   58.800000000000004                     (-4.35622080720136750642268452793359756,0.00000000000000000000000000000000000)
   59.200000000000003                     (-3.54504674231300409559253239422105253,0.00000000000000000000000000000000000)
   59.600000000000001                    (-0.376723397971808537931792670860886574,0.00000000000000000000000000000000000)
   60.000000000000000                      (2.00000224704216966742365002573933452,0.00000000000000000000000000000000000)
   60.400000000000006                      (1.61279572836614448760883533395826817,0.00000000000000000000000000000000000)
   60.800000000000004                     (0.308982703009324177756411700102034956,0.00000000000000000000000000000000000)
   61.200000000000003                      (1.12015610574812374267139603034593165,0.00000000000000000000000000000000000)
   61.600000000000001                      (3.99534692689009185428972159570548683,0.00000000000000000000000000000000000)
   62.000000000000000                      (5.80422678269999892108899075537919998,0.00000000000000000000000000000000000)
   62.400000000000006                      (4.61014104919912348634625232079997659,0.00000000000000000000000000000000000)
   62.800000000000004                      (2.31111457346128856826794617518316954,0.00000000000000000000000000000000000)
   63.200000000000003                      (2.00127321334314700607137638144195080,0.00000000000000000000000000000000000)
   63.600000000000001                      (3.70008544159491670200168300652876496,0.00000000000000000000000000000000000)
   64.000000000000000                      (4.35113907008114431107514974428340793,0.00000000000000000000000000000000000)
   64.400000000000006                      (2.09052995702991228910150312003679574,0.00000000000000000000000000000000000)
   64.799999999999997                     (-1.11670346216233529190731132985092700,0.00000000000000000000000000000000000)
   65.200000000000003                     (-2.11936934553869971153972073807381094,0.00000000000000000000000000000000000)
   65.600000000000009                    (-0.854466506232081979277381833526305854,0.00000000000000000000000000000000000)
   66.000000000000000                    (-0.351143008854280846975370877771638334,0.00000000000000000000000000000000000)
   66.400000000000006                     (-2.46402056745185804587094935413915664,0.00000000000000000000000000000000000)
   66.799999999999997                     (-5.23734326378835213233742251759395003,0.00000000000000000000000000000000000)
   67.200000000000003                     (-5.54718346324399558255890951841138303,0.00000000000000000000000000000000000)
   67.600000000000009                     (-3.37407276599787842030764295486733317,0.00000000000000000000000000000000000)
   68.000000000000000                     (-1.80422527822239464612152914924081415,0.00000000000000000000000000000000000)
   68.400000000000006                     (-2.75927634066840976601042711990885437,0.00000000000000000000000000000000000)
   68.799999999999997                     (-4.35622053419746002589363342849537730,0.00000000000000000000000000000000000)
   69.200000000000003                     (-3.54504641412990428861462532950099558,0.00000000000000000000000000000000000)
   69.600000000000009                    (-0.376723035230558944697065726359141991,0.00000000000000000000000000000000000)
   70.000000000000000                      (2.00000262154920749324560347304213792,0.00000000000000000000000000000000000)
   70.400000000000006                      (1.61279609110731514398651142982998863,0.00000000000000000000000000000000000)
   70.799999999999997                     (0.308983031192125778829904447775334120,0.00000000000000000000000000000000000)
   71.200000000000003                      (1.12015637875181894855813879985362291,0.00000000000000000000000000000000000)
   71.600000000000009                      (3.99534712756077059481185642653144896,0.00000000000000000000000000000000000)
   72.000000000000000                      (5.80422689842881389665762981167063117,0.00000000000000000000000000000000000)
   72.400000000000006                      (4.61014107271420492395463952561840415,0.00000000000000000000000000000000000)
   72.799999999999997                      (2.31111450328533285514254203008022159,0.00000000000000000000000000000000000)
   73.200000000000003                      (2.00127305388556209209127700887620449,0.00000000000000000000000000000000000)
   73.600000000000009                      (3.70008520287469977461114467587321997,0.00000000000000000000000000000000000)
   74.000000000000000                      (4.35113876709844404899740766268223524,0.00000000000000000000000000000000000)
   74.400000000000006                      (2.09052960882203020531733272946439683,0.00000000000000000000000000000000000)
   74.799999999999997                     (-1.11670383371624803992006036423845217,0.00000000000000000000000000000000000)
   75.200000000000003                     (-2.11936971709250077111619248171336949,0.00000000000000000000000000000000000)
   75.600000000000009                    (-0.854466854439846490443244420021073893,0.00000000000000000000000000000000000)
   76.000000000000000                    (-0.351143311836692451066710418672300875,0.00000000000000000000000000000000000)
   76.400000000000006                     (-2.46402080617139063178910873830318451,0.00000000000000000000000000000000000)
   76.800000000000011                     (-5.23734342324531620960215150262229145,0.00000000000000000000000000000000000)
   77.200000000000003                     (-5.54718353341939618417200108524411917,0.00000000000000000000000000000000000)
   77.600000000000009                     (-3.37407274248196342725236718251835555,0.00000000000000000000000000000000000)
   78.000000000000000                     (-1.80422516249311204461491797701455653,0.00000000000000000000000000000000000)
   78.400000000000006                     (-2.75927613999724208326824737014248967,0.00000000000000000000000000000000000)
   78.800000000000011                     (-4.35622026119321859027877508196979761,0.00000000000000000000000000000000000)
   79.200000000000003                     (-3.54504608594678760624674396240152419,0.00000000000000000000000000000000000)
   79.600000000000009                    (-0.376722672489355758784768113400787115,0.00000000000000000000000000000000000)
