   0.0000000000000000                      (2.00000000000000000000000000000000000,0.00000000000000000000000000000000000)
   4.0000000000000001E-002                 (2.45270558418959083724075753707438707,0.00000000000000000000000000000000000)
   8.0000000000000002E-002                 (2.45022526015606567639792956470046192,0.00000000000000000000000000000000000)
  0.12000000000000000                      (2.14007381454131229148174497822765261,0.00000000000000000000000000000000000)
  0.16000000000000000                      (1.73666522659850119936209011939354241,0.00000000000000000000000000000000000)
  0.20000000000000001                      (1.46401894415809974425712880474748090,0.00000000000000000000000000000000000)
  0.23999999999999999                      (1.49650558061941474363720772089436650,0.00000000000000000000000000000000000)
  0.28000000000000003                      (1.91240914387486449221853490598732606,0.00000000000000000000000000000000000)
  0.32000000000000001                      (2.67189578174144903854880794824566692,0.00000000000000000000000000000000000)
  0.35999999999999999                      (3.62492154899916219079614165821112692,0.00000000000000000000000000000000000)
  0.40000000000000002                      (4.54718301412084535684243746800348163,0.00000000000000000000000000000000000)
  0.44000000000000000                      (5.19525307165378968932145653525367379,0.00000000000000000000000000000000000)
  0.47999999999999998                      (5.36727302101377823362327035283669829,0.00000000000000000000000000000000000)
  0.52000000000000002                      (4.95417194749440348289226676570251584,0.00000000000000000000000000000000000)
  0.56000000000000005                      (3.96870283061536444080275032320059836,0.00000000000000000000000000000000000)
  0.59999999999999998                      (2.54504884268460118690313720435369760,0.00000000000000000000000000000000000)
  0.64000000000000001                     (0.909011991661213381021866553055588156,0.00000000000000000000000000000000000)
  0.68000000000000005                    (-0.673945421594529747721935564186424017,0.00000000000000000000000000000000000)
  0.71999999999999997                     (-1.96007313790192716496108005230780691,0.00000000000000000000000000000000000)
  0.76000000000000001                     (-2.78306910157331932609281466284301132,0.00000000000000000000000000000000000)
  0.80000000000000004                     (-3.09053197663559409136269096052274108,0.00000000000000000000000000000000000)
  0.83999999999999997                     (-2.95225688880663073021537456952501088,0.00000000000000000000000000000000000)
  0.88000000000000000                     (-2.53846623400879289889076062536332756,0.00000000000000000000000000000000000)
  0.92000000000000004                     (-2.07349996828339655507988936733454466,0.00000000000000000000000000000000000)
  0.95999999999999996                     (-1.77655141026755414301874225202482194,0.00000000000000000000000000000000000)
   1.0000000000000000                     (-1.80422597259737393926570803159847856,0.00000000000000000000000000000000000)
   1.0400000000000000                     (-2.20923229976480994807275237690191716,0.00000000000000000000000000000000000)
   1.0800000000000001                     (-2.92550431279991807187457197869662195,0.00000000000000000000000000000000000)
   1.1200000000000001                     (-3.78349152635488161777743698621634394,0.00000000000000000000000000000000000)
   1.1599999999999999                     (-4.55186754245734714885429639252834022,0.00000000000000000000000000000000000)
   1.2000000000000000                     (-4.99534588340200791378720168722793460,0.00000000000000000000000000000000000)
   1.2400000000000000                     (-4.93428212295518875407651648856699467,0.00000000000000000000000000000000000)
   1.2800000000000000                     (-4.29127446704641890562470507575199008,0.00000000000000000000000000000000000)
   1.3200000000000001                     (-3.11316777322301119212966113991569728,0.00000000000000000000000000000000000)
   1.3600000000000001                     (-1.56292934455217036315843870397657156,0.00000000000000000000000000000000000)
   1.4000000000000001                     (0.116700638352277397125078550743637607,0.00000000000000000000000000000000000)
   1.4399999999999999                      (1.65891409667471578792685704684117809,0.00000000000000000000000000000000000)
   1.4800000000000000                      (2.83424893393365584515208865923341364,0.00000000000000000000000000000000000)
   1.5200000000000000                      (3.50266057053197599202576384413987398,0.00000000000000000000000000000000000)
   1.5600000000000001                      (3.64351425033203479841859007137827575,0.00000000000000000000000000000000000)
   1.6000000000000001                      (3.35622206301967196395708015188574791,0.00000000000000000000000000000000000)
   1.6400000000000001                      (2.83150501652949371234058162372093648,0.00000000000000000000000000000000000)
   1.6799999999999999                      (2.30051749141958783440031766076572239,0.00000000000000000000000000000000000)
   1.7200000000000000                      (1.97453403741636734913811324076959863,0.00000000000000000000000000000000000)
   1.7600000000000000                      (1.99021577994120590915372304152697325,0.00000000000000000000000000000000000)
   1.8000000000000000                      (2.37407295882546121035261421639006585,0.00000000000000000000000000000000000)
   1.8400000000000001                      (3.03496847890434429118045045470353216,0.00000000000000000000000000000000000)
   1.8800000000000001                      (3.78654595648276526276276854332536459,0.00000000000000000000000000000000000)
   1.9199999999999999                      (4.39403750707989448898160844692029059,0.00000000000000000000000000000000000)
   1.9600000000000000                      (4.63384986697129086508084583329036832,0.00000000000000000000000000000000000)
   2.0000000000000000                      (4.35114149394194971165461538475938141,0.00000000000000000000000000000000000)
   2.0400000000000000                      (3.50107697640385406856466943281702697,0.00000000000000000000000000000000000)
   2.0800000000000001                      (2.16346193154339427877630441798828542,0.00000000000000000000000000000000000)
   2.1200000000000001                     (0.527028530420466490014064220304135233,0.00000000000000000000000000000000000)
   2.1600000000000001                     (-1.15286515993234051080662538879550993,0.00000000000000000000000000000000000)
   2.2000000000000002                     (-2.61279289898479039067069606971926987,0.00000000000000000000000000000000000)
   2.2400000000000002                     (-3.64173111581484842957934233709238470,0.00000000000000000000000000000000000)
   2.2800000000000002                     (-4.12862820572770505833659626659937203,0.00000000000000000000000000000000000)
   2.3199999999999998                     (-4.08544736411492426242375586298294365,0.00000000000000000000000000000000000)
   2.3599999999999999                     (-3.64011922365622586639233304595109075,0.00000000000000000000000000000000000)
   2.3999999999999999                     (-3.00127391495603657034507705247960985,0.00000000000000000000000000000000000)
   2.4399999999999999                     (-2.40358910980522821887461759615689516,0.00000000000000000000000000000000000)
   2.4800000000000000                     (-2.04736804903999125571090189623646438,0.00000000000000000000000000000000000)
   2.5200000000000000                     (-2.04736818064355086121963722689542919,0.00000000000000000000000000000000000)
   2.5600000000000001                     (-2.40358950055313469462703324097674340,0.00000000000000000000000000000000000)
   2.6000000000000001                     (-3.00127455278537480509726265154313296,0.00000000000000000000000000000000000)
   2.6400000000000001                     (-3.64012008887636762111128518881741911,0.00000000000000000000000000000000000)
   2.6800000000000002                     (-4.08544843001536062132572624250315130,0.00000000000000000000000000000000000)
   2.7200000000000002                     (-4.12862943940267967946056160144507885,0.00000000000000000000000000000000000)
   2.7600000000000002                     (-3.64173247917916720339803759998176247,0.00000000000000000000000000000000000)
   2.8000000000000003                     (-2.61279434994958847937596146948635578,0.00000000000000000000000000000000000)
   2.8399999999999999                     (-1.15286665370441765432474312547128648,0.00000000000000000000000000000000000)
   2.8799999999999999                     (0.527027039955860088227268533955793828,0.00000000000000000000000000000000000)
   2.9199999999999999                      (2.16346049039887056153474986786022782,0.00000000000000000000000000000000000)
   2.9600000000000000                      (3.50107562906947222813869302626699209,0.00000000000000000000000000000000000)
   3.0000000000000000                      (4.35114028201170732756963843712583184,0.00000000000000000000000000000000000)
   3.0400000000000000                      (4.63384882785909368863030977081507444,0.00000000000000000000000000000000000)
   3.0800000000000001                      (4.39403667286450971829481204622425139,0.00000000000000000000000000000000000)
   3.1200000000000001                      (3.78654535291753768788680645229760557,0.00000000000000000000000000000000000)
   3.1600000000000001                      (3.03496812462212206540357328776735812,0.00000000000000000000000000000000000)
   3.2000000000000002                      (2.37407286476342171965825400548055768,0.00000000000000000000000000000000000)
   3.2400000000000002                      (1.99021594900316056708788892137818038,0.00000000000000000000000000000000000)
   3.2800000000000002                      (1.97453446438315016742137686378555372,0.00000000000000000000000000000000000)
   3.3200000000000003                      (2.30051816311017276461825531441718340,0.00000000000000000000000000000000000)
   3.3599999999999999                      (2.83150591220788205859548725129570812,0.00000000000000000000000000000000000)
   3.3999999999999999                      (3.35622315503510293410727172158658504,0.00000000000000000000000000000000000)
   3.4399999999999999                      (3.64351550497252318905339052435010672,0.00000000000000000000000000000000000)
   3.4800000000000000                      (3.50266194906511874052057464723475277,0.00000000000000000000000000000000000)
   3.5200000000000000                      (2.83425039380229337737659989215899259,0.00000000000000000000000000000000000)
   3.5600000000000001                      (1.65891559281076017562384095072047785,0.00000000000000000000000000000000000)
   3.6000000000000001                     (0.116702124568017651107254550879588351,0.00000000000000000000000000000000000)
   3.6400000000000001                     (-1.56292791413819998069811845198273659,0.00000000000000000000000000000000000)
   3.6800000000000002                     (-3.11316644276957177339681948069483042,0.00000000000000000000000000000000000)
   3.7200000000000002                     (-4.29127327762639865227356494870036840,0.00000000000000000000000000000000000)
   3.7600000000000002                     (-4.93428111128754753877956318319775164,0.00000000000000000000000000000000000)
   3.8000000000000003                     (-4.99534508071827954012178452103398740,0.00000000000000000000000000000000000)
   3.8399999999999999                     (-4.55186697353745284289061601157300174,0.00000000000000000000000000000000000)
   3.8799999999999999                     (-3.78349120876211442165981679863762110,0.00000000000000000000000000000000000)
   3.9199999999999999                     (-2.92550425633880895048832826432771981,0.00000000000000000000000000000000000)
   3.9600000000000000                     (-2.20923250617837663156706184963695705,0.00000000000000000000000000000000000)
   4.0000000000000000                     (-1.80422643551336214784441835945472121,0.00000000000000000000000000000000000)
   4.0400000000000000                     (-1.77655211539512514207217463990673423,0.00000000000000000000000000000000000)
   4.0800000000000001                     (-2.07350089385432756472482651588506997,0.00000000000000000000000000000000000)
   4.1200000000000001                     (-2.53846735144947288631556148175150156,0.00000000000000000000000000000000000)
   4.1600000000000001                     (-2.95225816362019610750166975776664913,0.00000000000000000000000000000000000)
   4.2000000000000002                     (-3.09053336946684442665400638361461461,0.00000000000000000000000000000000000)
   4.2400000000000002                     (-2.78307056942369479557441991346422583,0.00000000000000000000000000000000000)
   4.2800000000000002                     (-1.96007463545694671225305683037731797,0.00000000000000000000000000000000000)
   4.3200000000000003                    (-0.673946902622667098903264104592381045,0.00000000000000000000000000000000000)
   4.3600000000000003                     (0.909010572881252754129377535718958825,0.00000000000000000000000000000000000)
   4.4000000000000004                      (2.54504752995246619207136973273009062,0.00000000000000000000000000000000000)
   4.4400000000000004                      (3.96870166445681871181250244262628257,0.00000000000000000000000000000000000)
   4.4800000000000004                      (4.95417096391031552826689221546985209,0.00000000000000000000000000000000000)
   4.5200000000000005                      (5.36727225036869448615561850601807237,0.00000000000000000000000000000000000)
   4.5600000000000005                      (5.19525253773856121597418677993118763,0.00000000000000000000000000000000000)
   4.6000000000000005                      (4.54718273341812828647334754350595176,0.00000000000000000000000000000000000)
   4.6399999999999997                      (3.62492153017465046360712221940048039,0.00000000000000000000000000000000000)
   4.6799999999999997                      (2.67189602537626891276545393338892609,0.00000000000000000000000000000000000)
   4.7199999999999998                      (1.91240964244766953328280578716658056,0.00000000000000000000000000000000000)
   4.7599999999999998                      (1.49650631873860806564380254712887108,0.00000000000000000000000000000000000)
   4.7999999999999998                      (1.46401989903696394534904356987681240,0.00000000000000000000000000000000000)
   4.8399999999999999                      (1.73666636875865254552309124846942723,0.00000000000000000000000000000000000)
   4.8799999999999999                      (2.14007510872274853142016581841744483,0.00000000000000000000000000000000000)
   4.9199999999999999                      (2.45022666640568509421882481547072530,0.00000000000000000000000000000000000)
   4.9600000000000000                      (2.45270705909460851046333118574693799,0.00000000000000000000000000000000000)
   5.0000000000000000                      (2.00000149802811577615102578420192003,0.00000000000000000000000000000000000)
   5.0400000000000000                      (1.05252261089097620683219247439410537,0.00000000000000000000000000000000000)
   5.0800000000000001                    (-0.306916673990260013837882979714777321,0.00000000000000000000000000000000000)
   5.1200000000000001                     (-1.88891044224233994874850850465008989,0.00000000000000000000000000000000000)
   5.1600000000000001                     (-3.43978125069828255533366245799697936,0.00000000000000000000000000000000000)
   5.2000000000000002                     (-4.70008596677859280532629782101139426,0.00000000000000000000000000000000000)
   5.2400000000000002                     (-5.46496364775764398302726476686075330,0.00000000000000000000000000000000000)
   5.2800000000000002                     (-5.63151458885453326530523554538376629,0.00000000000000000000000000000000000)
   5.3200000000000003                     (-5.22159149710084502515883286832831800,0.00000000000000000000000000000000000)
   5.3600000000000003                     (-4.37444682616602076308254254399798810,0.00000000000000000000000000000000000)
   5.4000000000000004                     (-3.31111531732322017518299617222510278,0.00000000000000000000000000000000000)
   5.4400000000000004                     (-2.27937909588284171036320913117378950,0.00000000000000000000000000000000000)
   5.4800000000000004                     (-1.49294114714384718034523302776506171,0.00000000000000000000000000000000000)
   5.5200000000000005                     (-1.07984028656354613673329367884434760,0.00000000000000000000000000000000000)
   5.5600000000000005                     (-1.05282948708792001291101314564002678,0.00000000000000000000000000000000000)
   5.6000000000000005                     (-1.30898217791668614040645479690283537,0.00000000000000000000000000000000000)
   5.6399999999999997                     (-1.65853866878388456207460421865107492,0.00000000000000000000000000000000000)
   5.6799999999999997                     (-1.87575201842828476195279563398798928,0.00000000000000000000000000000000000)
   5.7199999999999998                     (-1.75903430320611398052221829857444391,0.00000000000000000000000000000000000)
   5.7599999999999998                     (-1.18539117153510087376844239770434797,0.00000000000000000000000000000000000)
   5.7999999999999998                    (-0.145537393695659655890040085068903863,0.00000000000000000000000000000000000)
   5.8399999999999999                      (1.24913844773246296426805201917886734,0.00000000000000000000000000000000000)
   5.8799999999999999                      (2.78962719468495734531643392983824015,0.00000000000000000000000000000000000)
   5.9199999999999999                      (4.21680622262800497423995693679898977,0.00000000000000000000000000000000000)
   5.9600000000000000                      (5.28177742531493876754211669322103262,0.00000000000000000000000000000000000)
   6.0000000000000000                      (5.80422550968085282363517762860283256,0.00000000000000000000000000000000000)
   6.0400000000000000                      (5.71445881352614470927164802560582757,0.00000000000000000000000000000000000)
   6.0800000000000001                      (5.06881154917646981061807309743016958,0.00000000000000000000000000000000000)
   6.1200000000000001                      (4.03465392206434181332497246330603957,0.00000000000000000000000000000000000)
   6.1600000000000001                      (2.84875094511644411099382523389067501,0.00000000000000000000000000000000000)
   6.2000000000000002                      (1.75927870858547930055237884516827762,0.00000000000000000000000000000000000)
   6.2400000000000002                     (0.965824329364501021899513943935744464,0.00000000000000000000000000000000000)
   6.2800000000000002                     (0.572169712913101147222505460376851261,0.00000000000000000000000000000000000)
   6.3200000000000003                     (0.563473144681435611502706706232856959,0.00000000000000000000000000000000000)
   6.3600000000000003                     (0.813405516623088242766925759497098625,0.00000000000000000000000000000000000)
   6.4000000000000004                      (1.11936882536316328895509286667220294,0.00000000000000000000000000000000000)
   6.4400000000000004                      (1.25696190914700123286706912040244788,0.00000000000000000000000000000000000)
   6.4800000000000004                      (1.04008517044962633946170171839185059,0.00000000000000000000000000000000000)
   6.5200000000000005                     (0.371673452515911773019752217805944383,0.00000000000000000000000000000000000)
   6.5600000000000005                    (-0.727638486005588447369518689811229706,0.00000000000000000000000000000000000)
   6.6000000000000005                     (-2.12015299350406039025074278470128775,0.00000000000000000000000000000000000)
   6.6400000000000006                     (-3.58102937919355834850421160808764398,0.00000000000000000000000000000000000)
   6.6799999999999997                     (-4.85021277872323697266665476490743458,0.00000000000000000000000000000000000)
   6.7199999999999998                     (-5.69363955400203813894677296048030257,0.00000000000000000000000000000000000)
   6.7599999999999998                     (-5.95867441613660364652105272398330271,0.00000000000000000000000000000000000)
   6.7999999999999998                     (-5.61014103038673894729981839191168547,0.00000000000000000000000000000000000)
   6.8399999999999999                     (-4.73808599944632380385201031458564103,0.00000000000000000000000000000000000)
   6.8799999999999999                     (-3.53538448193025045540593964688014239,0.00000000000000000000000000000000000)
   6.9199999999999999                     (-2.25073116137883033616162720136344433,0.00000000000000000000000000000000000)
   6.9600000000000000                     (-1.12862418590763824433054196560988203,0.00000000000000000000000000000000000)
   7.0000000000000000                    (-0.351142705871868354705611636745743454,0.00000000000000000000000000000000000)
   7.0400000000000000               (4.148396437468448993968195281922817230E-0003,0.00000000000000000000000000000000000)
   7.0800000000000001              (-2.015619277175972889892818784574046731E-0002,0.00000000000000000000000000000000000)
   7.1200000000000001                    (-0.275867942767778706603110094874864444,0.00000000000000000000000000000000000)
   7.1600000000000001                    (-0.550253500100059800281826483114855364,0.00000000000000000000000000000000000)
   7.2000000000000002                    (-0.623276529479943719458390205545583740,0.00000000000000000000000000000000000)
   7.2400000000000002                    (-0.326729052807621433984763825719710439,0.00000000000000000000000000000000000)
   7.2800000000000002                     (0.409521028499401751332698040641844273,0.00000000000000000000000000000000000)
   7.3200000000000003                      (1.53575033921932990743641767039662227,0.00000000000000000000000000000000000)
   7.3600000000000003                      (2.89059310009271985819623296265490353,0.00000000000000000000000000000000000)
   7.4000000000000004                      (4.23734125462597610578541207360103726,0.00000000000000000000000000000000000)
   7.4400000000000004                      (5.31946322874244081901906611165031791,0.00000000000000000000000000000000000)
   7.4800000000000004                      (5.92170056195039951063563421485014260,0.00000000000000000000000000000000000)
   7.5200000000000005                      (5.92170095676107699489421065663918853,0.00000000000000000000000000000000000)
   7.5600000000000005                      (5.31946440098614203861870919354259968,0.00000000000000000000000000000000000)
   7.6000000000000005                      (4.23734316811400901769957272335886955,0.00000000000000000000000000000000000)
   7.6400000000000006                      (2.89059569575313046740916433918755502,0.00000000000000000000000000000000000)
   7.6799999999999997                      (1.53575353692066807198557398805860430,0.00000000000000000000000000000000000)
   7.7199999999999998                     (0.409524729524344710540617597871460021,0.00000000000000000000000000000000000)
   7.7599999999999998                    (-0.326724962714636912863852558075450361,0.00000000000000000000000000000000000)
   7.7999999999999998                    (-0.623272176585526804792891653050901368,0.00000000000000000000000000000000000)
   7.8399999999999999                    (-0.550249018783848242719614063389599323,0.00000000000000000000000000000000000)
   7.8799999999999999                    (-0.275863471373975044365067788021406159,0.00000000000000000000000000000000000)
   7.9199999999999999              (-2.015186933821966341895404184469953179E-0002,0.00000000000000000000000000000000000)
   7.9600000000000000               (4.152438440604422353885638585779815912E-0003,0.00000000000000000000000000000000000)
