           2           1
           2           2
           2           3
           3           4
           3           5
           3           6
           4           7
           5           8
           5           9
           6          10
           6          11
           6          12
           6          13
           6          14
           8          15
           8          16
           8          17
           8          18
           8          19
           9          20
           9          21
           9          22
           9          23
           9          24
           9          25
          11          26
          11          27
          11          28
          11          29
          11          30
          11          31
          12          32
          12          33
          12          34
          12          35
          12          36
          12          37
          12          38
          12          39
          12          40
          12          41
          12          42
          12          43
          12          44
          13          45
          13          46
          14          47
          14          48
          14          49
          14          50
          14          51
          14          52
          14          53
          14          54
          14          55
          15          56
          15          57
          15          58
          15          59
          15          60
          16          61
          16          62
          17          63
          17          64
          17          65
          17          66
          17          67
          18          68
          18          69
          18          70
          18          71
          18          72
          18          73
          18          74
          18          75
          18          76
          18          77
          18          78
          18          79
          18          80
          18          81
          18          82
          18          83
          18          84
          19          85
          19          86
          19          87
          19          88
          19          89
          19          90
          19          91
          19          92
          19          93
          19          94
          19          95
          21          96
          21          97
          21          98
          21          99
          21         100
          21         101
          21         102
          22         103
          22         104
          22         105
          22         106
          22         107
          22         108
          22         109
          22         110
          22         111
          22         112
          22         113
          22         114
          22         115
          22         116
          22         117
          22         118
          22         119
          22         120
          22         121
          22         122
          22         123
          22         124
          22         125
          22         126
          22         127
          22         128
          22         129
          22         130
          22         131
          22         132
          22         133
          22         134
          22         135
          22         136
          22         137
          22         138
          22         139
          22         140
          22         141
          22         142
          22         143
          22         144
          22         145
          22         146
          22         147
          22         148
          22         149
          22         150
          22         151
          22         152
          24         153
          24         154
          24         155
          24         156
          24         157
          24         158
          24         159
          24         160
          24         161
          24         162
          24         163
          24         164
          24         165
          24         166
          24         167
          24         168
          24         169
          24         170
          24         171
          24         172
          24         173
          24         174
          24         175
          24         176
          24         177
          24         178
          26         179
          26         180
          26         181
          26         182
          26         183
          26         184
          26         185
          26         186
          28         187
          29         188
          29         189
          29         190
          29         191
          29         192
          29         193
          29         194
          30         195
          30         196
          30         197
          30         198
          30         199
          30         200
          30         201
          31         202
          31         203
          32         204
          32         205
          32         206
          32         207
          32         208
          32         209
          32         210
          33         211
          33         212
          33         213
          33         214
          33         215
          33         216
          33         217
          33         218
          33         219
          33         220
          33         221
          33         222
          33         223
          33         224
          33         225
          33         226
          33         227
          33         228
          33         229
          33         230
          33         231
          33         232
          33         233
          33         234
          33         235
          34         236
          34         237
          34         238
          34         239
          34         240
          34         241
          34         242
          34         243
          34         244
          34         245
          34         246
          34         247
          34         248
          35         249
          35         250
          35         251
          35         252
          35         253
          35         254
          35         255
          35         256
          35         257
          35         258
          35         259
          35         260
          35         261
          35         262
          35         263
          35         264
          35         265
          35         266
          35         267
          35         268
          35         269
          35         270
          35         271
          35         272
          35         273
          35         274
          35         275
          35         276
          35         277
          35         278
          35         279
          35         280
          35         281
          37         282
          37         283
          37         284
          37         285
          37         286
          38         287
          38         288
          38         289
          38         290
          38         291
          38         292
          38         293
          38         294
          38         295
          38         296
          38         297
          38         298
          38         299
          38         300
          38         301
          38         302
          38         303
          38         304
          38         305
          38         306
          38         307
          38         308
          38         309
          38         310
          38         311
          38         312
          38         313
          39         314
          39         315
          39         316
          39         317
          39         318
          39         319
          39         320
          39         321
          39         322
          39         323
          39         324
          39         325
          39         326
          39         327
          39         328
          39         329
          39         330
          39         331
          40         332
          40         333
          40         334
          40         335
          40         336
          40         337
          40         338
          40         339
          40         340
          40         341
          40         342
          40         343
          40         344
          40         345
          40         346
          40         347
          40         348
          40         349
          40         350
          40         351
          40         352
          40         353
          40         354
          40         355
          40         356
          40         357
          42         358
          42         359
          42         360
          42         361
          42         362
          43         363
          43         364
          43         365
          43         366
          43         367
          43         368
          43         369
          43         370
          43         371
          43         372
          43         373
          43         374
          43         375
          43         376
          43         377
          43         378
          43         379
          43         380
          43         381
          43         382
          43         383
          43         384
          43         385
          43         386
          43         387
          43         388
          43         389
          43         390
          43         391
          43         392
          43         393
          43         394
          43         395
          43         396
          43         397
          43         398
          43         399
          43         400
          43         401
          43         402
          43         403
          43         404
          45         405
          45         406
          45         407
          45         408
          45         409
          45         410
          45         411
          45         412
          45         413
          45         414
          45         415
          45         416
          45         417
          45         418
          45         419
          45         420
          45         421
          45         422
          45         423
          45         424
          45         425
          45         426
          45         427
          45         428
          45         429
          45         430
          45         431
          45         432
          45         433
          45         434
          45         435
          46         436
          46         437
          46         438
          46         439
          46         440
          46         441
          46         442
          46         443
          46         444
          46         445
          46         446
          46         447
          46         448
          46         449
          46         450
          46         451
          46         452
          46         453
          46         454
          46         455
          46         456
          46         457
          46         458
          46         459
          46         460
          46         461
          46         462
          46         463
          46         464
          46         465
          46         466
          46         467
          46         468
          46         469
          47         470
          47         471
          47         472
          47         473
          47         474
          47         475
          47         476
          47         477
          47         478
          47         479
          47         480
          47         481
          47         482
          47         483
          47         484
          47         485
          47         486
          47         487
          47         488
          47         489
          47         490
          47         491
          47         492
          47         493
          47         494
          47         495
          47         496
          47         497
          47         498
          47         499
          47         500
          47         501
          47         502
          47         503
          47         504
          47         505
          47         506
          47         507
          47         508
          47         509
          47         510
          47         511
          47         512
          47         513
          47         514
          47         515
          47         516
          47         517
          47         518
          47         519
          47         520
          47         521
          47         522
          47         523
          47         524
          47         525
          47         526
          47         527
          48         528
          48         529
          48         530
          48         531
          48         532
          48         533
          48         534
          48         535
          49         536
          49         537
          49         538
          49         539
          49         540
          49         541
          50         542
          50         543
          50         544
          50         545
          50         546
          50         547
          50         548
          50         549
          50         550
          50         551
          50         552
          50         553
          50         554
          50         555
          50         556
          50         557
          50         558
          50         559
          50         560
          50         561
          50         562
          50         563
          50         564
          50         565
          50         566
          50         567
          50         568
          50         569
          50         570
          50         571
          50         572
          50         573
          50         574
          50         575
          50         576
          50         577
          50         578
          50         579
          50         580
          50         581
          50         582
          50         583
          50         584
          50         585
          50         586
          50         587
          50         588
          50         589
          50         590
          50         591
          50         592
          50         593
          50         594
          50         595
          50         596
          50         597
          50         598
          50         599
          50         600
          50         601
          50         602
          51         603
          51         604
          51         605
          51         606
          51         607
          51         608
          51         609
          51         610
          51         611
          51         612
          51         613
          51         614
          51         615
          51         616
          51         617
          51         618
          51         619
          51         620
          51         621
          51         622
          51         623
          51         624
          51         625
          51         626
          51         627
          51         628
          51         629
          51         630
          51         631
          51         632
          51         633
          51         634
          51         635
          52         636
          52         637
          53         638
          53         639
          53         640
          53         641
          53         642
          53         643
          53         644
          53         645
          54         646
          55         647
          55         648
          55         649
          55         650
          56         651
          56         652
          56         653
          56         654
          56         655
          56         656
          56         657
          56         658
          56         659
          56         660
          56         661
          56         662
          56         663
          56         664
          56         665
          56         666
          56         667
          56         668
          56         669
          56         670
          56         671
          56         672
          56         673
          56         674
          56         675
          56         676
          56         677
          56         678
          56         679
          56         680
          57         681
          57         682
          57         683
          57         684
          57         685
          57         686
          57         687
          57         688
          57         689
          57         690
          58         691
          58         692
          58         693
          58         694
          58         695
          58         696
          58         697
          58         698
          58         699
          58         700
          58         701
          58         702
          58         703
          58         704
          58         705
          58         706
          58         707
          58         708
          59         709
          59         710
          59         711
          59         712
          59         713
          59         714
          59         715
          59         716
          59         717
          59         718
          59         719
          59         720
          59         721
          59         722
          59         723
          59         724
          59         725
          59         726
          59         727
          59         728
          59         729
          59         730
          59         731
          59         732
          59         733
          59         734
          59         735
          59         736
          59         737
          59         738
          59         739
          59         740
          59         741
          59         742
          59         743
          59         744
          59         745
          59         746
          59         747
          59         748
          59         749
          59         750
          59         751
          59         752
          59         753
          59         754
          59         755
          59         756
          59         757
          59         758
          59         759
          59         760
          59         761
          59         762
          59         763
          59         764
          59         765
          59         766
          59         767
          59         768
          59         769
          59         770
          59         771
          59         772
          59         773
          59         774
          60         775
          60         776
          60         777
          60         778
          60         779
          60         780
          60         781
          60         782
          60         783
          60         784
          60         785
          60         786
          60         787
          61         788
          61         789
          61         790
          61         791
          61         792
          61         793
          61         794
          61         795
          61         796
          61         797
          61         798
          61         799
          61         800
          61         801
          61         802
          61         803
          61         804
          61         805
          61         806
          61         807
          61         808
          61         809
          61         810
          61         811
          61         812
          61         813
          61         814
          61         815
          61         816
          63         817
          63         818
          63         819
          63         820
          63         821
          63         822
          63         823
          63         824
          63         825
          63         826
          63         827
          63         828
          63         829
          63         830
          63         831
          63         832
          63         833
          63         834
          63         835
          63         836
          63         837
          63         838
          63         839
          63         840
          63         841
          63         842
          63         843
          63         844
          63         845
          63         846
          63         847
          63         848
          63         849
          63         850
          63         851
          63         852
          63         853
          63         854
          63         855
          63         856
          64         857
          64         858
          64         859
          64         860
          64         861
          65         862
          65         863
          65         864
          65         865
          65         866
          65         867
          65         868
          65         869
          65         870
          65         871
          65         872
          65         873
          65         874
          65         875
          65         876
          65         877
          65         878
          65         879
          65         880
          65         881
          65         882
          65         883
          65         884
          65         885
          65         886
          65         887
          65         888
          65         889
          65         890
          65         891
          65         892
          65         893
          65         894
          65         895
          65         896
          65         897
          65         898
          65         899
          65         900
          65         901
          65         902
          65         903
          65         904
          65         905
          65         906
          65         907
          65         908
          65         909
          65         910
          65         911
          66         912
          66         913
          66         914
          66         915
          66         916
          66         917
          66         918
          66         919
          66         920
          66         921
          66         922
          66         923
          66         924
          66         925
          66         926
          66         927
          66         928
          66         929
          66         930
          66         931
          66         932
          66         933
          66         934
          66         935
          66         936
          66         937
          66         938
          66         939
          66         940
          66         941
          66         942
          66         943
          66         944
          66         945
          66         946
          66         947
          66         948
          66         949
          66         950
          66         951
          66         952
          66         953
          66         954
          66         955
          66         956
          66         957
          66         958
          66         959
          66         960
          66         961
          66         962
          66         963
          66         964
          66         965
          66         966
          66         967
          66         968
          66         969
          66         970
          66         971
          66         972
          66         973
          66         974
          66         975
          66         976
          66         977
          66         978
          66         979
          66         980
          66         981
          66         982
          66         983
          66         984
          66         985
          66         986
          66         987
          66         988
          66         989
          66         990
          66         991
          66         992
          66         993
          66         994
          66         995
          66         996
          66         997
          66         998
          66         999
          66        1000
          66        1001
          66        1002
          66        1003
          66        1004
          66        1005
          66        1006
          66        1007
          66        1008
          66        1009
          66        1010
          67        1011
          67        1012
          67        1013
          67        1014
          67        1015
          67        1016
          67        1017
          67        1018
          67        1019
          67        1020
          67        1021
          67        1022
          67        1023
          67        1024
          67        1025
          67        1026
          67        1027
          67        1028
          67        1029
          67        1030
          67        1031
          67        1032
          68        1033
          68        1034
          68        1035
          68        1036
          68        1037
          68        1038
          68        1039
          68        1040
          68        1041
          68        1042
          68        1043
          68        1044
          68        1045
          68        1046
          68        1047
          68        1048
          68        1049
          68        1050
          68        1051
          68        1052
          68        1053
          68        1054
          68        1055
          68        1056
          68        1057
          68        1058
          68        1059
          68        1060
          68        1061
          68        1062
          68        1063
          68        1064
          68        1065
          68        1066
          68        1067
          68        1068
          68        1069
          68        1070
          68        1071
          68        1072
          68        1073
          68        1074
          68        1075
          69        1076
          69        1077
          69        1078
          69        1079
          69        1080
          69        1081
          69        1082
          69        1083
          69        1084
          69        1085
          69        1086
          69        1087
          69        1088
          69        1089
          69        1090
          69        1091
          69        1092
          69        1093
          69        1094
          69        1095
          69        1096
          69        1097
          69        1098
          69        1099
          69        1100
          69        1101
          69        1102
          69        1103
          69        1104
          69        1105
          69        1106
          69        1107
          69        1108
          69        1109
          70        1110
          70        1111
          70        1112
          70        1113
          70        1114
          70        1115
          70        1116
          70        1117
          70        1118
          70        1119
          70        1120
          70        1121
          70        1122
          70        1123
          70        1124
          70        1125
          70        1126
          70        1127
          70        1128
          70        1129
          70        1130
          70        1131
          70        1132
          70        1133
          70        1134
          70        1135
          70        1136
          70        1137
          70        1138
          70        1139
          70        1140
          70        1141
          70        1142
          70        1143
          70        1144
          70        1145
          70        1146
          70        1147
          70        1148
          70        1149
          70        1150
          70        1151
          70        1152
          70        1153
          70        1154
          70        1155
          70        1156
          70        1157
          70        1158
          70        1159
          70        1160
          70        1161
          70        1162
          70        1163
          70        1164
          70        1165
          71        1166
          71        1167
          71        1168
          71        1169
          71        1170
          71        1171
          71        1172
          71        1173
          71        1174
          71        1175
          71        1176
          71        1177
          71        1178
          71        1179
          71        1180
          71        1181
          71        1182
          71        1183
          71        1184
          71        1185
          71        1186
          71        1187
          71        1188
          71        1189
          71        1190
          71        1191
          71        1192
          71        1193
          71        1194
          71        1195
          71        1196
          71        1197
          71        1198
          71        1199
          71        1200
          72        1201
          72        1202
          72        1203
          72        1204
          72        1205
          72        1206
          72        1207
          72        1208
          72        1209
          72        1210
          72        1211
          72        1212
          72        1213
          72        1214
          72        1215
          72        1216
          72        1217
          72        1218
          72        1219
          72        1220
          72        1221
          72        1222
          72        1223
          72        1224
          72        1225
          72        1226
          72        1227
          72        1228
          72        1229
          72        1230
          72        1231
          72        1232
          72        1233
          72        1234
          72        1235
          72        1236
          73        1237
          73        1238
          73        1239
          73        1240
          73        1241
          73        1242
          73        1243
          73        1244
          73        1245
          73        1246
          73        1247
          73        1248
          73        1249
          73        1250
          73        1251
          73        1252
          74        1253
          74        1254
          74        1255
          74        1256
          74        1257
          74        1258
          74        1259
          74        1260
          74        1261
          74        1262
          74        1263
          74        1264
          74        1265
          74        1266
          74        1267
          74        1268
          74        1269
          74        1270
          74        1271
          74        1272
          74        1273
          74        1274
          74        1275
          75        1276
          75        1277
          75        1278
          75        1279
          75        1280
          75        1281
          75        1282
          75        1283
          75        1284
          75        1285
          75        1286
          75        1287
          75        1288
          75        1289
          76        1290
          76        1291
          76        1292
          76        1293
          76        1294
          76        1295
          76        1296
          76        1297
          76        1298
          76        1299
          76        1300
          76        1301
          76        1302
          76        1303
          76        1304
          76        1305
          76        1306
          76        1307
          76        1308
          76        1309
          76        1310
          76        1311
          76        1312
          76        1313
          76        1314
          76        1315
          76        1316
          76        1317
          76        1318
          76        1319
          76        1320
          76        1321
          76        1322
          76        1323
          76        1324
          76        1325
          76        1326
          76        1327
          76        1328
          76        1329
          76        1330
          76        1331
          76        1332
          77        1333
          77        1334
          77        1335
          77        1336
          77        1337
          77        1338
          77        1339
          77        1340
          77        1341
          77        1342
          77        1343
          77        1344
          77        1345
          77        1346
          77        1347
          77        1348
          77        1349
          77        1350
          77        1351
          77        1352
          77        1353
          77        1354
          77        1355
          77        1356
          77        1357
          77        1358
          77        1359
          78        1360
          78        1361
          78        1362
          78        1363
          78        1364
          78        1365
          78        1366
          78        1367
          78        1368
          78        1369
          78        1370
          78        1371
          78        1372
          78        1373
          78        1374
          78        1375
          78        1376
          78        1377
          78        1378
          78        1379
          78        1380
          78        1381
          78        1382
          78        1383
          78        1384
          78        1385
          78        1386
          78        1387
          78        1388
          78        1389
          78        1390
          78        1391
          78        1392
          78        1393
          78        1394
          78        1395
          78        1396
          78        1397
          78        1398
          78        1399
          78        1400
          78        1401
          78        1402
          78        1403
          78        1404
          78        1405
          78        1406
          78        1407
          78        1408
          78        1409
          78        1410
          78        1411
          78        1412
          78        1413
          79        1414
          79        1415
          79        1416
          79        1417
          79        1418
          79        1419
          79        1420
          79        1421
          79        1422
          79        1423
          79        1424
          79        1425
          79        1426
          80        1427
          80        1428
          80        1429
          80        1430
          80        1431
          80        1432
          80        1433
          80        1434
          80        1435
          80        1436
          80        1437
          80        1438
          80        1439
          80        1440
          80        1441
          81        1442
          82        1443
          82        1444
          82        1445
          82        1446
          82        1447
          82        1448
          82        1449
          82        1450
          82        1451
          82        1452
          82        1453
          82        1454
          82        1455
          82        1456
          82        1457
          82        1458
          82        1459
          82        1460
          82        1461
          82        1462
          82        1463
          82        1464
          82        1465
          82        1466
          82        1467
          82        1468
          82        1469
          82        1470
          82        1471
          82        1472
          82        1473
          82        1474
          82        1475
          82        1476
          82        1477
          82        1478
          82        1479
          82        1480
          82        1481
          82        1482
          82        1483
          82        1484
          82        1485
          82        1486
          82        1487
          84        1488
          84        1489
          84        1490
          84        1491
          84        1492
          84        1493
          85        1494
          85        1495
          85        1496
          85        1497
          85        1498
          85        1499
          85        1500
          85        1501
          85        1502
          85        1503
          85        1504
          85        1505
          85        1506
          85        1507
          85        1508
          85        1509
          85        1510
          85        1511
          85        1512
          85        1513
          85        1514
          85        1515
          85        1516
          85        1517
          85        1518
          85        1519
          85        1520
          85        1521
          85        1522
          85        1523
          85        1524
          85        1525
          85        1526
          85        1527
          85        1528
          85        1529
          85        1530
          85        1531
          85        1532
          85        1533
          85        1534
          85        1535
          85        1536
          85        1537
          85        1538
          85        1539
          85        1540
          85        1541
          85        1542
          85        1543
          85        1544
          85        1545
          85        1546
          85        1547
          85        1548
          85        1549
          85        1550
          85        1551
          85        1552
          85        1553
          85        1554
          85        1555
          85        1556
          85        1557
          85        1558
          85        1559
          85        1560
          85        1561
          85        1562
          85        1563
          85        1564
          85        1565
          85        1566
          86        1567
          86        1568
          88        1569
          88        1570
          88        1571
          88        1572
          88        1573
          88        1574
          88        1575
          88        1576
          88        1577
          88        1578
          88        1579
          88        1580
          88        1581
          88        1582
          88        1583
          88        1584
          88        1585
          88        1586
          88        1587
          88        1588
          88        1589
          88        1590
          88        1591
          88        1592
          88        1593
          88        1594
          88        1595
          88        1596
          88        1597
          88        1598
          88        1599
          88        1600
          88        1601
          88        1602
          88        1603
          88        1604
          88        1605
          88        1606
          88        1607
          88        1608
          88        1609
          88        1610
          88        1611
          88        1612
          88        1613
          88        1614
          88        1615
          89        1616
          89        1617
          89        1618
          89        1619
          89        1620
          89        1621
          89        1622
          89        1623
          89        1624
          89        1625
          89        1626
          89        1627
          89        1628
          89        1629
          89        1630
          89        1631
          89        1632
          89        1633
          89        1634
          89        1635
          89        1636
          89        1637
          89        1638
          89        1639
          89        1640
          89        1641
          89        1642
          89        1643
          89        1644
          89        1645
          89        1646
          91        1647
          91        1648
          91        1649
          91        1650
          91        1651
          91        1652
          91        1653
          91        1654
          91        1655
          91        1656
          91        1657
          91        1658
          91        1659
          91        1660
          91        1661
          91        1662
          91        1663
          91        1664
          91        1665
          91        1666
          91        1667
          91        1668
          91        1669
          91        1670
          92        1671
          92        1672
          92        1673
          92        1674
          92        1675
          92        1676
          92        1677
          92        1678
          92        1679
          92        1680
          92        1681
          92        1682
          92        1683
          92        1684
          92        1685
          92        1686
          92        1687
          92        1688
          92        1689
          92        1690
          92        1691
          92        1692
          92        1693
          92        1694
          92        1695
          92        1696
          94        1697
          94        1698
          94        1699
          94        1700
          94        1701
          94        1702
          94        1703
          94        1704
          94        1705
          94        1706
          94        1707
          94        1708
          94        1709
          94        1710
          94        1711
          94        1712
          94        1713
          94        1714
          94        1715
          94        1716
          94        1717
          94        1718
          94        1719
          94        1720
          94        1721
          94        1722
          94        1723
          94        1724
          94        1725
          94        1726
          94        1727
          94        1728
          94        1729
          94        1730
          94        1731
          94        1732
          94        1733
          94        1734
          94        1735
          94        1736
          94        1737
          94        1738
          94        1739
          94        1740
          94        1741
          94        1742
          94        1743
          94        1744
          94        1745
          94        1746
          94        1747
          94        1748
          94        1749
          94        1750
          94        1751
          94        1752
          94        1753
          94        1754
          94        1755
          94        1756
          94        1757
          94        1758
          94        1759
          94        1760
          94        1761
          94        1762
          94        1763
          94        1764
          94        1765
          94        1766
          94        1767
          94        1768
          94        1769
          94        1770
          94        1771
          94        1772
          94        1773
          94        1774
          94        1775
          94        1776
          94        1777
          94        1778
          94        1779
          94        1780
          94        1781
          94        1782
          94        1783
          94        1784
          94        1785
          94        1786
          94        1787
          94        1788
          94        1789
          94        1790
          94        1791
          94        1792
          94        1793
          94        1794
          94        1795
          94        1796
          94        1797
          94        1798
          94        1799
          94        1800
          94        1801
          94        1802
          94        1803
          94        1804
          94        1805
          94        1806
          94        1807
          94        1808
          94        1809
          94        1810
          94        1811
          94        1812
          94        1813
          94        1814
          94        1815
          94        1816
          94        1817
          94        1818
          94        1819
          94        1820
          94        1821
          94        1822
          94        1823
          94        1824
          94        1825
          94        1826
          94        1827
          94        1828
          94        1829
          94        1830
          94        1831
          94        1832
          94        1833
          94        1834
          94        1835
          94        1836
          94        1837
          94        1838
          94        1839
          94        1840
          94        1841
          94        1842
          94        1843
          94        1844
          94        1845
          94        1846
          94        1847
          94        1848
          94        1849
          94        1850
          94        1851
          94        1852
          94        1853
          94        1854
          94        1855
          94        1856
          94        1857
          94        1858
          94        1859
          94        1860
          94        1861
          94        1862
          94        1863
          94        1864
          94        1865
          94        1866
          94        1867
          94        1868
          94        1869
          94        1870
          94        1871
          94        1872
          94        1873
          94        1874
          94        1875
          94        1876
          94        1877
          94        1878
          94        1879
          94        1880
          94        1881
          95        1882
          95        1883
          95        1884
          95        1885
          95        1886
          95        1887
          95        1888
          95        1889
          95        1890
          95        1891
          95        1892
          95        1893
          95        1894
          95        1895
          95        1896
          95        1897
          95        1898
          95        1899
          95        1900
          95        1901
          95        1902
          95        1903
          95        1904
          95        1905
          95        1906
          95        1907
          95        1908
          95        1909
          95        1910
          95        1911
          95        1912
          95        1913
          95        1914
          95        1915
          95        1916
          95        1917
          95        1918
          96        1919
          96        1920
          96        1921
          96        1922
          96        1923
          96        1924
          96        1925
          96        1926
          96        1927
          96        1928
          96        1929
          96        1930
          96        1931
          96        1932
          96        1933
          96        1934
          96        1935
          96        1936
          96        1937
          96        1938
          96        1939
          96        1940
          96        1941
          96        1942
          96        1943
          96        1944
          96        1945
          96        1946
          96        1947
          96        1948
          96        1949
          96        1950
          96        1951
          96        1952
          96        1953
          96        1954
          96        1955
          96        1956
          96        1957
          96        1958
          96        1959
          96        1960
          96        1961
          96        1962
          96        1963
          96        1964
          96        1965
          96        1966
          96        1967
          96        1968
          96        1969
          96        1970
          96        1971
          96        1972
          96        1973
          96        1974
          96        1975
          96        1976
          96        1977
          96        1978
          96        1979
          96        1980
          96        1981
          96        1982
          96        1983
          96        1984
          96        1985
          96        1986
          96        1987
          96        1988
          96        1989
          96        1990
          96        1991
          96        1992
          96        1993
          97        1994
          97        1995
          97        1996
          97        1997
          97        1998
          97        1999
          97        2000
          97        2001
          97        2002
          97        2003
          97        2004
          97        2005
          97        2006
          97        2007
          97        2008
          97        2009
          99        2010
